Order	City	Node ID	Coordinate X	Coordinate Y	Duration (min)	Profit (eur)	Student 1	Student 2	Student 3	Student 4	Student 5	Student 6	Student 7	Student 8	Student 9	Student 10	Student 11	Student 12	Student 13	Student 14	Student 15	Student 16	Student 17	Student 18	Student 19	Student 20
18	BUDEL	321	55749270	512744895	9	25	1	0	0	0	1	1	1	0	0	0	0	1	1	0	0	0	0	1	1	1
33	DEURNE	912	57880874	514679426	9	27	1	1	1	1	0	0	1	0	1	0	1	1	0	0	0	1	1	1	0	1
114	MAARHEEZE	484	56295706	513089704	10	12	0	1	0	0	1	0	0	1	0	1	1	1	0	1	0	0	1	0	0	0
121	DEURNE	868	57717831	514645180	5	11	0	0	0	0	0	1	0	0	0	0	1	1	0	1	1	1	0	1	0	1
122	BUDEL	169	55718302	512652154	11	21	1	0	1	1	1	0	1	1	1	1	1	1	0	0	1	0	0	0	0	1
141	LIEROP	956	56650272	514333625	12	25	0	0	1	0	0	1	0	0	1	0	0	1	0	0	0	1	0	1	0	0
143	LIESSEL	888	58299702	514137523	10	25	1	1	0	1	1	1	0	1	0	1	0	0	1	0	0	1	1	1	1	0
162	SOMEREN	970	57039137	513838019	12	37	0	1	1	1	0	1	1	1	0	0	0	1	1	1	0	1	1	1	0	0
203	ASTEN	825	57562786	514155936	7	19	0	1	1	0	0	1	0	1	1	0	0	1	0	1	1	0	1	1	0	1
204	ASTEN	825	57562786	514155936	5	13	0	0	1	0	1	0	1	1	1	0	0	0	1	0	0	0	1	1	0	0
205	ASTEN	825	57562786	514155936	11	15	1	0	1	1	1	1	1	0	0	0	1	0	0	1	1	0	1	1	0	1
256	ASTEN	818	57503755	514157545	9	17	0	0	0	1	1	1	1	1	1	1	0	1	1	0	0	1	0	0	0	0
317	STERKSEL	35	56318164	513380138	10	20	1	1	0	0	0	1	1	0	0	1	0	1	1	0	0	1	0	0	0	1
325	SOERENDONK	185	55732337	513005525	7	19	1	1	1	0	0	1	0	0	1	0	0	1	1	1	1	1	0	1	0	0
338	BUDEL DORPLEIN	558	55699569	512409595	10	26	0	0	1	1	1	0	0	0	0	1	1	0	1	1	1	1	1	1	0	1
358	MAARHEEZE	287	56343016	513026712	11	29	0	1	0	1	0	1	1	0	0	1	1	0	1	0	0	0	0	1	0	0
361	MAARHEEZE	287	56343016	513026712	9	25	0	0	1	0	1	0	0	0	1	1	1	0	1	1	0	1	1	1	1	1
363	MAARHEEZE	287	56343016	513026712	10	10	0	1	0	0	0	1	0	0	1	1	1	1	1	0	1	1	1	1	0	0
395	DEURNE	898	57941581	514634589	10	15	0	1	0	0	0	0	1	1	1	1	0	0	0	1	1	1	0	0	0	1
406	MAARHEEZE	485	56295706	513089704	5	9	1	0	0	1	1	1	1	1	1	1	1	0	1	0	0	1	0	0	0	0
449	MIERLO	593	56140044	514447748	12	13	1	1	0	1	0	1	0	1	0	1	1	1	0	1	0	1	1	0	1	1
508	SOMEREN	950	57323944	513627076	8	14	0	0	1	1	1	0	1	0	0	0	1	1	0	1	0	1	1	1	1	1
526	MIERLO	643	56219321	514462867	11	21	1	1	0	1	0	0	0	1	0	0	0	0	0	0	1	0	0	0	1	1
537	MIERLO	598	56187409	514433911	11	35	1	0	0	1	1	1	0	0	1	1	1	1	0	1	0	1	1	0	1	0
538	MIERLO	650	56219321	514462867	10	14	0	0	0	0	0	1	1	0	1	0	1	0	0	0	1	1	1	0	0	1
550	MIERLO	637	56272245	514467972	11	16	0	0	0	0	0	1	0	0	1	1	0	1	1	1	1	1	0	0	0	0
552	MIERLO	590	55947110	514550359	13	7	1	1	0	0	1	1	1	1	1	0	0	0	1	1	0	1	1	1	1	0
557	MIERLO	628	56197042	514286099	10	29	1	0	1	0	1	0	1	0	0	0	0	0	0	1	0	1	0	0	1	0
562	MIERLO	597	56147283	514439285	5	11	0	0	0	1	0	1	0	0	1	1	1	0	1	1	0	1	0	1	0	0
571	MIERLO	623	56351177	514455805	8	22	1	0	0	0	0	0	1	1	0	1	1	0	1	1	0	0	0	1	0	0
572	MIERLO	638	56271262	514474815	12	13	1	0	0	1	1	0	0	0	0	1	1	0	1	1	0	1	0	1	0	0
573	MIERLO	599	56187409	514433911	12	14	0	0	0	1	0	1	0	1	0	0	1	0	0	0	1	1	1	0	0	0
574	MIERLO	624	56351177	514455805	11	15	1	0	1	0	1	1	0	1	1	0	0	1	0	0	0	0	1	1	1	1
576	BUDEL	294	55981709	512615673	8	17	1	0	0	1	1	0	0	0	0	0	0	0	0	0	0	0	1	1	0	1
577	DEURNE	843	58658644	514501963	6	15	0	1	0	1	1	1	1	0	0	1	1	1	0	0	0	1	1	1	0	1
584	MIERLO	588	56187013	514445825	6	18	1	1	0	0	1	0	1	0	0	0	1	1	0	1	1	0	1	1	1	1
597	BEEK EN DONK	60	56326501	515319829	7	20	1	0	1	1	1	1	1	1	1	0	0	0	0	0	1	0	1	0	0	1
603	MAARHEEZE	251	56151535	513098100	13	16	0	0	0	0	1	1	0	1	0	1	0	0	0	1	1	1	1	0	1	0
620	MIERLO	674	56133879	514480476	11	20	1	0	1	1	1	0	1	1	0	1	1	0	0	0	0	1	1	1	0	1
622	MIERLO	608	56192566	514423267	13	32	1	1	1	1	1	1	1	0	0	0	1	1	1	0	0	0	1	0	1	1
624	MIERLO	629	56150376	514327300	6	10	0	1	1	0	0	1	0	0	0	1	0	1	0	0	1	0	0	1	0	1
642	SOMEREN	1024	57352176	513585476	9	9	0	0	0	0	1	0	1	1	1	1	1	1	0	1	1	0	0	0	1	1
644	BEEK EN DONK	127	56319026	515363392	10	6	0	0	1	1	1	0	1	1	1	1	0	1	1	0	0	1	1	1	1	1
651	MILHEEZE	158	57836215	515032568	9	14	0	0	1	1	1	0	0	1	1	1	1	1	1	0	1	1	1	1	0	0
658	AARLE RIXTEL	117	56691043	515118330	10	21	1	0	1	1	1	1	0	1	1	0	0	1	1	1	0	1	1	1	0	0
661	SOMEREN	1042	56930882	513289704	7	15	1	0	1	1	0	0	0	1	0	0	1	0	0	1	0	1	0	1	0	1
688	OMMEL	716	57488072	514220889	9	24	0	0	1	0	0	0	0	1	0	1	0	1	0	0	0	1	0	0	0	0
696	BEEK EN DONK	70	56331410	515291395	6	23	0	0	1	1	1	1	0	1	1	1	0	1	0	1	1	1	0	0	1	0
697	ASTEN	751	57416531	514012213	7	19	0	0	0	1	0	0	1	0	1	1	0	0	1	0	0	0	1	1	1	1
701	SOMEREN	945	57320803	513631968	6	10	0	1	0	1	1	0	0	1	1	1	0	0	0	1	0	0	0	0	1	0
730	STERKSEL	29	56001337	513562615	9	26	0	0	1	1	0	1	0	0	1	0	1	1	1	1	1	0	0	1	0	0
733	SOMEREN	971	57102446	513785262	6	13	1	0	1	1	1	1	1	1	0	1	0	0	1	1	0	1	1	0	0	0
747	SOMEREN-HEIDE	1015	57316328	513547496	7	6	0	1	1	1	1	1	0	1	0	0	1	1	0	0	0	0	0	1	0	0
751	ASTEN	707	57546194	514077444	10	29	1	0	0	0	1	1	1	0	0	0	1	0	0	0	0	0	0	1	0	0
753	NEERKANT	864	58610404	513688285	7	10	0	0	1	0	0	1	1	0	1	0	1	1	1	1	1	1	0	1	0	1
766	HEUSDEN GEM ASTEN	774	57824854	513822443	6	7	0	0	0	0	1	1	1	1	0	1	0	1	1	1	1	0	0	0	0	1
767	MIERLO	635	56062690	514408981	8	5	0	1	1	0	1	0	1	1	1	0	0	1	0	0	0	0	0	0	1	0
768	MIERLO	617	56202748	514439436	6	19	0	0	1	0	1	1	1	1	1	1	0	1	1	1	0	0	1	1	0	0
778	OMMEL	811	57458599	514208635	10	20	1	1	0	1	1	1	0	0	1	1	0	1	1	1	0	1	0	0	0	0
783	LIEROP	1064	56820350	514199931	12	37	1	1	0	0	1	0	0	1	0	0	1	1	0	0	1	1	1	0	0	0
785	ASTEN	743	57432906	514099962	9	14	1	0	1	1	0	1	0	1	1	1	0	0	1	0	0	1	0	1	1	0
789	HEUSDEN GEM ASTEN	690	57698117	513595234	12	13	1	1	0	0	1	0	0	1	0	0	1	1	0	0	0	1	0	0	1	0
795	MAARHEEZE	212	56154741	513129984	6	7	0	1	0	0	1	1	0	1	0	1	0	0	0	1	1	0	0	1	0	1
804	ASTEN	729	57360738	514018771	10	15	1	0	1	1	1	1	1	1	0	1	1	0	1	1	1	1	0	1	1	1
808	SOMEREN-HEIDE	965	56736812	513777906	10	19	0	0	0	1	1	0	1	0	1	1	1	1	0	1	0	0	1	1	0	0
809	LIESHOUT	8	55941205	515166210	5	5	1	0	1	0	1	0	0	0	0	1	0	1	1	1	1	1	1	0	1	0
810	LIESHOUT	15	55962628	515198859	8	21	0	1	1	0	1	1	0	0	1	1	1	1	1	0	1	1	0	1	0	0
811	SOMEREN-EIND	1014	57323532	513538390	12	32	1	1	1	1	1	0	0	1	0	0	1	1	1	1	1	0	0	1	1	1
812	SOMEREN	993	57352532	513642479	7	25	0	1	1	0	0	0	0	0	1	1	0	1	0	1	0	0	0	1	0	0
817	SOMEREN	951	57320803	513631968	9	19	0	1	1	0	1	0	1	0	0	0	0	1	0	0	1	1	1	0	1	0
820	SOERENDONK	453	55726766	513027766	9	28	0	0	1	1	1	1	1	0	1	0	0	0	1	0	1	1	0	1	0	0
835	SOMEREN	942	57242980	513743425	12	25	1	0	1	0	0	1	1	0	1	1	1	0	1	1	0	1	0	0	1	1
836	ASTEN	687	57591994	513962233	5	6	1	0	0	0	0	1	0	1	0	0	0	1	0	1	0	0	0	0	1	0
839	SOMEREN-HEIDE	1092	56966464	513542213	8	13	1	0	1	0	1	0	1	1	0	1	1	0	1	0	1	0	0	1	0	1
843	LIESHOUT	10	55890671	515205347	9	6	1	0	1	1	0	0	0	1	0	0	1	0	0	1	0	0	1	0	1	1
844	SOMEREN	975	56943819	513817712	11	23	1	0	0	1	0	1	0	0	0	1	0	1	0	0	0	1	0	0	0	1
846	AARLE RIXTEL	78	56397413	515102050	7	13	0	0	0	1	1	0	0	1	1	1	1	0	0	1	0	1	1	0	0	1
850	SOMEREN-HEIDE	966	56736812	513777906	9	8	0	0	1	1	1	1	1	0	1	1	1	1	0	1	0	0	1	0	0	1
851	ASTEN	700	57472886	514036004	6	7	0	0	0	0	1	0	1	0	0	1	0	0	0	1	1	1	0	1	1	0
853	ASTEN	762	57317188	514112196	6	12	0	1	0	1	1	1	1	1	1	1	1	0	1	0	1	0	1	1	0	1
859	HEUSDEN GEM ASTEN	802	57750369	513761017	8	18	1	0	0	0	0	1	0	1	1	0	0	1	0	0	0	1	1	1	1	1
865	MARIAHOUT	3	55729329	515394533	9	11	1	0	1	1	1	0	1	0	1	0	0	1	0	0	1	0	1	0	0	0
868	HEUSDEN GEM ASTEN	805	57645403	513801572	9	19	1	0	0	0	0	0	1	0	1	0	1	0	0	1	0	1	0	0	1	0
875	STERKSEL	33	56193728	513348656	5	9	1	0	0	1	1	0	1	1	1	1	0	0	0	1	1	0	1	1	1	1
880	SOMEREN-EIND	1008	57317211	513548187	7	9	0	1	0	0	1	1	0	1	1	0	0	1	1	0	1	0	1	1	1	1
881	SOMEREN-HEIDE	997	56692565	513607324	9	28	1	0	1	0	0	1	1	0	1	0	1	1	0	1	0	1	0	1	1	0
882	OMMEL	686	57488072	514220889	10	23	0	1	0	1	0	0	1	1	1	0	1	0	1	0	0	1	0	1	0	0
883	HEUSDEN GEM ASTEN	689	57709165	513611608	12	6	0	1	0	0	0	1	0	1	1	1	0	0	0	1	0	0	0	1	1	0
885	HEUSDEN GEM ASTEN	806	58409136	513749952	12	33	1	1	0	0	0	1	1	0	1	1	0	1	0	0	0	0	0	0	1	1
887	STERKSEL	155	56221061	513594386	10	17	1	0	1	1	1	1	1	1	0	0	0	1	0	1	1	0	0	1	0	1
890	AARLE RIXTEL	54	56563108	515187368	6	12	0	0	1	0	0	1	0	0	1	0	1	1	0	1	1	0	1	0	1	0
891	ASTEN	764	57448400	514090850	10	32	1	0	1	1	0	0	0	0	0	0	1	0	1	1	0	1	0	1	1	0
892	MAARHEEZE	178	56111208	513103227	10	24	0	1	1	0	1	1	0	0	1	1	1	0	1	1	0	1	1	0	0	1
895	BUDEL	342	55766409	512735769	8	16	0	0	1	0	0	0	0	0	1	0	1	1	0	1	1	1	1	0	1	0
898	BUDEL-SCHOOT	443	55661065	512503377	10	5	0	0	1	1	0	1	0	0	1	1	0	1	0	1	0	0	1	1	1	1
907	STERKSEL	38	56394985	513547304	11	28	1	1	1	1	0	0	0	0	0	0	0	0	1	1	0	0	0	1	1	0
908	STERKSEL	37	56381569	513544292	10	33	1	1	0	0	1	1	1	1	1	0	1	0	1	1	0	0	0	1	1	0
909	STERKSEL	40	56432534	513604892	12	19	0	0	1	0	1	1	0	1	0	1	0	1	1	1	0	1	0	0	0	0
919	SOMEREN-HEIDE	1073	56726521	513195250	6	21	0	1	0	1	1	1	1	0	1	0	1	1	1	0	1	1	1	0	0	1
927	AARLE RIXTEL	116	56691043	515118330	11	25	0	1	1	0	0	1	0	0	1	0	1	1	1	0	0	1	0	1	1	0
930	SOMEREN	976	56863509	513762813	12	31	1	0	0	1	0	0	0	1	1	1	0	0	1	0	1	1	1	0	0	0
932	DE RIPS	121	58130295	515474194	7	17	0	0	1	0	1	1	1	0	0	0	1	1	1	1	1	0	1	0	0	1
933	ASTEN	699	57473523	514036037	8	28	1	1	0	1	0	0	0	0	0	1	0	0	0	1	1	1	1	1	0	0
934	SOMEREN-HEIDE	969	56741912	513762062	11	15	0	0	0	1	1	1	0	1	1	1	0	0	0	1	1	0	0	1	0	0
935	SOMEREN-EIND	1096	57377870	513534580	6	9	1	1	1	0	0	0	0	1	0	0	1	1	0	1	0	1	0	0	0	1
936	SOMEREN-HEIDE	1047	56777825	513586629	9	18	1	0	1	0	1	0	1	0	1	0	1	1	1	0	0	1	1	1	1	1
940	BEEK EN DONK	90	56256449	515387917	9	16	1	1	0	0	0	1	1	1	0	0	0	1	0	0	1	0	1	1	1	1
941	BEEK EN DONK	136	56325761	515293257	6	17	0	1	0	0	1	1	0	1	1	1	1	0	1	0	0	0	0	0	0	0
942	BEEK EN DONK	135	56318438	515293912	10	27	0	0	1	0	0	0	0	1	1	1	0	0	0	1	0	0	1	0	1	0
943	BEEK EN DONK	95	56350702	515440165	7	5	1	0	0	0	1	0	1	1	0	0	1	1	0	1	1	1	0	1	0	0
944	BEEK EN DONK	68	56271368	515369191	11	8	1	0	1	0	1	1	1	1	0	0	1	1	1	1	1	1	1	1	0	1
945	LIESHOUT	16	55929608	515239562	8	14	1	1	0	1	0	1	1	1	1	1	0	0	1	0	0	1	1	1	1	1
946	LIESHOUT	25	55980011	515324939	12	23	1	0	1	1	1	1	1	0	0	0	1	0	0	1	1	1	1	1	0	0
947	AARLE RIXTEL	50	56809310	515262140	5	6	1	1	1	1	1	1	0	1	1	1	1	0	1	1	0	0	0	1	1	1
948	AARLE RIXTEL	103	56427485	515078144	12	36	0	0	1	0	0	1	1	1	0	1	1	1	0	1	1	0	0	0	0	1
949	AARLE RIXTEL	104	56487676	515117193	11	20	1	0	1	0	1	1	0	0	1	0	1	0	0	1	0	1	1	0	1	0
950	AARLE RIXTEL	103	56427485	515078144	9	19	0	0	1	0	1	1	1	0	1	0	0	1	1	1	0	0	0	1	0	1
951	BEEK EN DONK	67	56300423	515381939	9	20	0	0	1	0	0	0	1	1	1	1	1	0	0	1	1	0	1	0	0	1
952	BEEK EN DONK	69	56273584	515359112	6	6	0	1	0	0	1	0	1	1	0	0	1	1	1	1	1	1	1	0	1	1
956	SOMEREN	993	57352532	513642479	6	18	1	0	0	0	0	1	0	1	1	0	1	1	0	1	1	0	1	1	0	0
958	AARLE RIXTEL	56	56563108	515187368	6	9	1	0	1	1	0	1	1	1	1	0	1	1	0	1	0	1	1	1	1	0
959	AARLE RIXTEL	57	56563108	515187368	7	26	1	0	1	1	0	1	1	1	0	1	0	0	1	0	1	0	1	0	0	1
960	SOMEREN-EIND	1011	57329947	513578761	6	22	1	1	1	0	0	1	1	1	1	1	1	1	0	1	1	0	0	1	0	0
962	BEEK EN DONK	137	56325761	515293257	5	19	0	0	0	1	1	0	1	1	0	0	0	1	1	0	1	0	0	0	0	0
964	BEEK EN DONK	128	56306912	515374796	7	19	1	1	1	0	0	1	0	1	0	1	0	1	1	1	1	0	1	0	1	0
969	STERKSEL	41	56432534	513604892	11	38	1	0	0	0	1	1	1	1	1	0	0	1	1	1	0	1	0	1	1	0
972	SOMEREN	1040	56930882	513289704	11	8	0	1	1	1	0	0	1	0	0	1	0	0	1	0	0	1	1	1	1	0
981	BEEK EN DONK	96	56334409	515445511	7	6	0	0	0	0	1	1	1	1	1	1	0	1	1	0	0	0	0	1	0	0
984	AARLE RIXTEL	76	56397413	515102050	8	8	1	1	1	0	0	0	1	0	1	1	1	0	0	1	0	1	0	0	0	1
993	BEEK EN DONK	94	56360933	515468878	11	26	0	0	0	0	1	0	1	0	1	1	1	1	1	0	1	0	1	0	0	0
996	SOMEREN	1053	57066368	513235225	8	13	0	1	0	0	0	0	1	0	1	0	1	1	0	1	0	1	0	0	0	1
997	LIEROP	961	56823366	514213568	9	19	1	0	0	0	1	1	1	0	0	0	1	1	1	1	1	1	1	1	1	1
1000	MIERLO	625	56351177	514455805	8	8	1	0	0	1	1	1	1	0	1	0	1	0	0	0	1	1	0	0	0	1
1005	BEEK EN DONK	65	56297612	515382092	10	6	0	0	0	1	1	0	0	0	0	1	0	0	0	0	1	1	0	0	1	0
1007	LIEROP	955	56713946	514345205	7	18	1	1	1	0	1	0	1	0	0	1	1	0	1	0	1	1	0	1	0	1
1008	AARLE RIXTEL	115	56691043	515118330	13	32	1	0	1	1	0	0	0	1	0	1	1	1	0	1	0	0	0	1	0	0
1010	LIESHOUT	18	55692602	515100040	10	33	1	1	0	1	0	1	1	1	1	1	0	1	1	1	1	0	0	0	1	0
1012	SOMEREN	988	57070533	513678728	9	17	0	0	1	1	0	0	0	0	1	1	1	1	1	0	0	0	0	0	0	1
1013	SOMEREN-EIND	1098	57389864	513536923	8	18	0	1	1	1	0	0	1	0	0	1	1	1	1	0	0	1	1	0	1	0
1015	SOMEREN-HEIDE	1058	56768255	513526373	10	26	1	1	1	1	0	1	1	1	1	1	1	0	0	0	0	1	0	0	1	1
1017	MIERLO	659	56288107	514375625	10	24	1	0	0	1	1	0	0	0	1	0	1	1	0	0	0	0	0	1	0	1
1018	ASTEN	824	57833454	513897327	7	14	1	1	0	1	1	0	1	1	0	0	0	0	0	1	0	1	0	1	1	0
1040	SOMEREN	1020	56983989	513514649	12	22	1	1	1	0	0	1	1	0	0	1	1	0	0	0	1	0	0	0	0	0
1041	OMMEL	685	57480299	514222111	12	38	1	1	1	1	1	0	1	1	1	0	1	0	1	0	0	0	0	1	0	1
1043	SOMEREN	933	57379364	513595172	5	7	0	1	1	1	0	1	1	1	1	0	0	0	1	1	0	1	1	0	0	0
1063	LIEROP	1077	56841617	514434283	6	17	0	0	0	0	0	1	0	1	1	1	0	0	0	0	1	0	0	0	0	0
1064	SOMEREN	1056	56768255	513526373	9	29	0	1	1	1	0	1	0	0	1	0	1	1	0	1	1	0	1	0	1	1
1065	SOMEREN-HEIDE	1057	56851246	513513141	11	10	1	0	1	1	0	1	1	0	0	0	0	1	0	0	1	1	0	0	0	0
1066	ASTEN	836	57466578	514090872	12	23	0	1	0	1	1	0	1	0	1	0	1	1	0	1	0	0	0	0	1	1
1067	MIERLO	657	56250197	514369591	7	14	1	1	0	1	1	1	1	0	0	0	0	0	0	1	0	1	1	0	0	0
1068	OMMEL	717	57486473	514227742	12	27	0	1	1	0	0	0	1	1	0	1	1	1	1	0	1	0	1	1	0	1
1069	SOMEREN	982	56775433	513837956	10	17	1	0	0	1	1	0	0	1	1	0	1	0	0	0	0	1	0	0	0	1
1083	ASTEN	778	57521871	514071708	11	23	0	1	1	1	0	1	0	0	1	0	1	1	0	0	1	1	0	0	0	1
1084	HEUSDEN GEM ASTEN	772	57646927	513825233	13	31	0	0	0	1	1	0	0	0	0	0	1	0	0	0	1	0	0	0	1	0
1085	SOMEREN	982	56775433	513837956	10	7	0	1	1	1	0	1	0	1	1	0	0	0	1	0	1	0	0	0	1	1
1139	AARLE RIXTEL	110	56308261	515093428	10	21	0	0	0	1	1	1	1	1	1	1	1	1	0	1	0	0	1	1	0	1
1155	MIERLO	634	56203440	514380486	6	15	1	1	0	0	0	0	1	1	0	0	1	1	0	1	0	1	1	1	1	0
1174	LIEROP	963	56826502	514286557	8	21	0	0	0	1	1	0	1	0	0	1	1	0	0	1	1	1	1	1	1	1
1178	NEERKANT	930	58661073	513550860	11	22	1	0	1	0	0	0	0	1	1	1	1	1	0	0	1	1	0	0	1	0
1179	ASTEN	808	58541393	513760159	7	6	0	0	0	1	1	1	1	0	0	1	0	0	1	0	0	1	0	1	1	0
1181	BUDEL	438	55820280	512849789	8	27	1	1	1	0	0	1	0	1	0	1	1	0	1	1	1	0	1	0	1	1
1184	LIESHOUT	17	55653276	515178842	8	10	0	0	0	0	0	1	0	0	0	0	0	0	0	0	1	1	1	1	1	0
1188	SOMEREN	1033	56935947	513313115	5	6	0	1	1	0	1	1	1	0	1	0	1	1	1	1	1	0	1	1	0	1
1189	VLIERDEN	922	57584735	514441587	11	10	1	0	1	0	0	0	0	0	0	0	1	0	1	1	1	0	0	1	1	0
1200	BEEK EN DONK	91	56366258	515459565	7	7	1	0	1	1	1	1	0	1	0	1	0	1	0	1	1	1	0	1	1	0
1211	ASTEN	698	57474160	514036070	7	7	1	1	1	1	0	0	0	1	1	0	1	1	0	0	1	1	1	1	1	0
1212	MAARHEEZE	482	56295706	513089704	11	19	0	0	1	1	1	0	1	0	1	0	1	1	0	0	0	0	0	1	1	1
1213	LIEROP	960	56807137	514214915	10	15	1	0	1	1	1	1	0	1	1	0	1	0	0	1	0	0	1	1	0	0
1221	SOMEREN	990	57146383	513659560	7	16	0	1	1	0	1	1	0	1	0	1	1	0	0	0	1	1	1	0	0	1
1223	SOMEREN	973	56910357	513794837	8	23	0	0	1	1	1	1	1	1	1	0	0	1	0	1	1	1	1	1	0	0
1228	LIESSEL	890	58308238	514111387	6	20	1	1	1	1	1	1	1	0	0	0	0	1	1	0	0	0	1	0	1	1
1230	HEUSDEN GEM ASTEN	795	58001579	513715585	13	7	0	0	1	0	1	0	1	0	0	1	0	1	0	1	1	0	0	1	1	0
1241	HEUSDEN GEM ASTEN	799	57750369	513761017	10	31	0	0	1	0	1	0	1	1	0	0	0	0	0	1	1	0	1	0	0	0
1246	HEUSDEN GEM ASTEN	770	57641411	513836848	10	22	0	0	0	1	0	0	0	1	1	1	1	0	0	1	1	1	0	0	0	0
1247	HEUSDEN GEM ASTEN	770	57641411	513836848	6	12	1	0	1	1	1	0	1	0	0	1	0	1	1	1	0	1	0	1	0	0
1254	ASTEN	767	57448400	514090850	5	16	1	0	1	1	1	0	1	0	0	0	1	1	1	0	0	1	0	0	0	1
1255	ASTEN	836	57466578	514090872	11	25	1	0	1	1	1	1	0	0	0	0	1	0	0	0	0	0	1	0	1	1
1256	ASTEN	737	57448518	514119630	5	10	1	0	0	0	1	0	0	1	0	1	0	1	1	1	1	0	0	1	0	1
1264	ASTEN	745	57440615	514099931	6	13	1	1	0	0	1	0	0	0	0	0	0	1	0	0	1	1	0	0	1	1
1267	ASTEN	834	57448400	514090850	8	24	1	0	0	1	1	1	0	1	0	0	1	1	1	1	0	0	1	1	1	0
1268	ASTEN	786	57465406	514056517	5	9	0	0	1	1	1	0	0	0	1	0	1	1	0	1	0	1	1	1	0	0
1269	ASTEN	780	57474172	514116147	13	30	1	1	1	1	0	0	0	0	0	0	0	1	1	1	0	0	1	1	1	0
1272	ASTEN	828	57439208	514029431	10	5	1	1	1	0	1	1	1	1	1	1	0	0	1	1	0	0	1	1	0	1
1273	ASTEN	721	57474064	514041910	11	8	0	1	1	0	1	0	1	0	1	1	0	1	0	1	1	0	1	1	0	1
1278	ASTEN	754	57451727	514039973	8	24	0	0	0	0	1	1	0	1	1	1	0	0	1	1	1	1	0	0	1	0
1280	ASTEN	781	57474172	514116147	11	18	0	0	1	1	1	0	0	0	1	1	0	0	0	0	1	0	1	1	1	1
1303	SOMEREN-EIND	1052	57109518	513440815	10	12	0	0	1	0	0	0	1	0	0	0	0	1	1	0	1	0	0	1	1	1
1312	ASTEN	725	57451727	514039973	10	11	1	1	1	1	1	0	0	0	1	1	1	0	1	0	1	0	0	1	1	0
1324	MIERLO	643	56219321	514462867	10	24	1	1	0	1	1	1	0	0	1	0	1	0	0	1	0	1	0	1	0	0
1331	ASTEN	816	58458540	513683397	7	17	1	1	0	0	1	0	1	1	1	0	0	1	1	1	0	1	0	0	0	0
1332	ASTEN	730	57458650	514020256	11	18	1	1	1	0	0	0	0	0	1	1	1	1	1	1	0	1	1	1	1	0
1334	ASTEN	765	57448400	514090850	5	7	0	1	0	0	1	0	1	1	1	1	1	0	0	0	1	1	1	1	1	0
1335	ASTEN	693	57459717	513975723	5	11	1	1	0	0	1	0	1	0	1	0	1	0	1	1	0	1	1	1	1	0
1336	HEUSDEN GEM ASTEN	804	57658798	513750479	11	9	1	1	0	1	1	1	1	0	1	1	0	1	0	1	0	0	1	0	1	1
1337	OMMEL	684	57497265	514268549	9	8	1	1	0	1	1	0	0	0	1	0	0	1	0	1	0	0	0	1	1	0
1374	MAARHEEZE	235	56232476	513144027	8	23	0	0	0	0	0	1	1	1	0	0	1	1	0	1	1	1	0	0	0	0
1378	SOMEREN	1007	57326840	513557668	7	11	0	0	0	1	1	0	1	0	0	1	0	1	1	1	1	1	0	1	0	1
1407	BUDEL	314	55725911	512740040	5	20	1	0	1	0	0	1	1	0	1	1	0	0	0	0	1	0	1	1	0	0
1506	ASTEN	722	57467206	514051779	11	8	0	0	1	1	0	0	0	0	1	1	1	1	1	0	1	0	1	1	1	0
1517	MIERLO	612	56159735	514434084	12	33	0	0	1	1	1	1	1	1	0	0	0	0	0	0	0	0	1	0	0	0
1518	HEUSDEN GEM ASTEN	702	57788430	513396126	13	12	0	1	0	0	1	0	1	1	0	0	0	0	1	0	0	0	1	0	0	0
1522	SOMEREN	992	57341489	513644811	7	11	1	1	1	0	0	1	1	1	1	1	1	0	1	0	1	1	1	1	1	0
1526	AARLE RIXTEL	162	56386799	515099598	10	6	1	1	0	1	0	1	1	0	1	1	0	1	1	0	1	1	0	0	1	1
1566	LIESHOUT	11	55901474	515186912	5	14	1	0	0	0	0	1	0	1	1	0	1	1	0	1	1	0	1	0	1	0
1583	MIERLO	621	56260424	514500538	9	21	1	0	0	1	0	0	0	1	0	0	1	1	0	0	0	0	0	1	0	0
1584	SOMEREN	1062	57551160	513428244	8	25	1	0	1	0	1	0	1	1	0	0	0	0	0	0	1	1	1	0	1	1
1585	MAARHEEZE	226	56110856	513134501	12	30	1	1	1	1	1	1	0	1	1	0	1	0	1	0	0	0	1	1	0	0
1590	ASTEN	678	57628802	514020382	11	21	0	1	1	0	0	1	0	0	0	0	1	0	1	0	1	1	0	0	0	1
1594	MAARHEEZE	293	56371939	513033628	7	6	0	1	1	0	1	1	0	0	1	0	1	1	1	0	0	0	1	1	0	1
1599	HEUSDEN GEM ASTEN	796	58001579	513715585	12	6	1	0	0	0	1	0	1	0	0	0	1	0	1	0	1	0	0	0	0	1
1601	SOERENDONK	191	55603403	512922293	6	23	1	1	0	1	1	0	0	1	0	1	0	0	0	1	0	0	0	0	1	1
1602	SOMEREN-HEIDE	1093	56966464	513542213	13	37	1	0	0	0	0	1	1	0	1	1	1	0	0	0	1	1	1	1	0	1
1603	ASTEN	788	57839073	514000580	10	23	0	1	1	0	1	1	1	1	0	0	1	1	0	1	1	0	1	1	0	1
1605	DEURNE	925	57979415	514498705	8	17	1	1	1	1	1	1	0	1	1	0	1	0	1	0	1	0	1	0	1	0
1625	SOERENDONK	273	55817686	513052828	6	5	1	0	0	0	0	0	0	0	0	1	1	1	1	1	1	1	0	1	1	0
1638	HEUSDEN GEM ASTEN	711	57458228	513934534	13	32	1	0	0	0	1	0	0	1	1	1	1	1	0	0	1	1	0	0	1	1
1640	LIESHOUT	27	55909000	515221064	6	20	1	1	0	1	1	0	0	0	0	0	0	0	1	1	0	0	0	0	0	1
1663	BUDEL	435	55820280	512849789	12	8	1	0	0	1	0	1	1	1	1	0	1	0	0	1	0	0	1	0	1	1
1669	SOMEREN-EIND	1009	57322025	513552927	7	6	1	1	0	1	0	0	0	1	0	0	0	1	0	1	1	0	1	0	0	0
1720	MIERLO	665	56148214	514471962	10	19	0	1	1	1	1	0	0	1	0	0	0	0	0	0	1	1	0	1	0	1
1726	MAARHEEZE	496	56289302	513090773	9	28	0	0	0	0	0	1	1	0	0	0	0	1	0	0	0	1	0	0	1	1
1727	BUDEL	397	55768490	512663439	11	28	0	1	0	1	0	1	1	0	1	1	1	1	0	1	0	1	0	1	1	0
1728	BUDEL	525	55768744	512740204	7	26	1	0	0	1	0	0	1	0	1	0	0	1	1	1	1	0	1	1	0	1
1731	SOMEREN-EIND	1001	57363707	513572819	7	26	0	1	0	0	1	1	0	1	1	0	0	0	1	0	0	0	1	0	1	0
1732	BUDEL	300	55739329	512740823	12	37	0	1	0	1	1	0	0	0	0	1	0	1	0	0	1	1	1	0	1	1
1734	BUDEL	398	55768490	512663439	11	10	1	0	0	0	1	1	0	1	0	0	0	0	0	0	0	1	1	1	0	0
1739	BUDEL-SCHOOT	432	55628113	512535032	6	12	1	1	0	1	1	1	1	0	1	0	0	1	1	1	1	0	0	1	0	0
1745	BUDEL	390	55768490	512663439	8	23	0	0	0	1	1	1	1	0	1	0	1	1	0	0	0	0	1	1	0	1
1751	BUDEL-SCHOOT	442	55613386	512497189	10	34	0	0	1	0	1	1	1	1	1	1	0	0	0	0	0	0	1	1	1	0
1755	BUDEL	387	55768490	512663439	9	24	1	0	0	0	1	1	1	0	1	0	1	0	0	0	1	0	0	1	1	0
1758	BUDEL	568	55751068	512753891	11	8	0	1	0	1	1	1	0	0	0	1	1	0	0	0	0	1	1	0	1	0
1760	BUDEL	324	55833797	512650254	11	22	0	1	1	0	1	1	1	1	1	1	1	1	0	1	1	1	1	0	0	1
1764	BUDEL	392	55768490	512663439	13	42	1	1	1	1	0	0	1	0	1	1	1	1	1	0	1	0	0	1	0	1
1771	BUDEL	346	55780846	512699641	9	24	0	0	0	1	0	1	0	0	1	0	0	0	1	1	1	0	0	0	0	0
1772	BUDEL	326	55836391	512679827	11	30	1	1	1	1	1	0	1	0	0	0	1	0	1	1	0	0	1	0	1	0
1774	STERKSEL	31	56120183	513509999	9	18	1	1	0	1	0	0	1	0	1	1	0	1	0	1	0	0	0	0	0	0
1805	BUDEL	389	55768490	512663439	8	23	1	1	0	1	0	1	0	0	1	1	0	1	1	1	1	0	0	0	1	1
1824	BUDEL	543	55779753	512698759	8	7	1	0	1	1	1	1	1	0	1	1	0	0	0	0	0	1	1	1	1	0
1826	BUDEL-SCHOOT	547	55691171	512480641	5	17	0	1	0	1	1	0	1	1	0	0	0	0	0	0	1	1	1	1	0	0
1854	MAARHEEZE	290	56343016	513026712	10	12	1	0	1	0	1	0	1	0	0	0	1	0	1	1	0	1	0	1	0	0
1875	BUDEL DORPLEIN	578	55832913	512390681	7	14	0	0	0	0	1	0	1	0	1	1	1	1	1	0	1	1	1	0	1	0
1876	BUDEL DORPLEIN	577	55832913	512390681	8	23	0	1	0	0	0	1	0	0	0	0	0	1	1	1	1	0	1	1	1	1
1888	BUDEL	173	55879782	512565279	11	7	0	1	1	0	0	0	0	0	0	1	1	1	1	1	0	1	0	0	0	0
1895	BUDEL	407	55805777	512645048	8	12	1	0	1	1	0	0	0	1	0	1	0	0	1	0	0	1	1	0	1	0
1903	MAARHEEZE	218	56094727	513143573	8	13	1	1	1	0	1	0	0	0	0	1	1	1	0	0	0	0	0	0	0	1
1924	ASTEN	727	57495412	514164805	9	19	0	0	1	1	0	1	1	0	1	1	1	1	1	0	1	0	1	1	0	1
1934	MIERLO	594	56132573	514435404	10	19	1	1	0	0	1	1	1	1	0	1	1	1	1	1	1	0	1	1	1	0
1957	ASTEN	820	57522823	514154948	5	5	0	1	0	0	1	0	0	1	0	0	1	1	1	0	1	0	1	0	1	0
1959	BUDEL	519	55632729	512679441	11	23	0	0	1	0	1	0	0	1	0	1	1	1	0	1	1	0	0	0	1	0
1995	BUDEL	175	55879782	512565279	9	9	1	1	1	0	1	1	0	1	1	1	0	0	1	0	0	0	0	1	1	0
2091	MAARHEEZE	278	56132713	513114693	6	19	1	0	0	0	1	0	0	1	1	0	1	0	1	1	0	1	1	0	0	1
2094	ASTEN	822	57480608	514157116	9	12	0	0	0	1	1	1	0	1	0	1	0	0	1	0	1	1	1	1	0	1
2100	MAARHEEZE	227	56110856	513134501	5	11	1	0	1	1	1	1	1	1	1	0	0	0	1	0	1	1	1	1	1	1
2184	MAARHEEZE	579	56045044	513114663	12	20	1	0	1	1	1	1	0	0	0	0	1	0	0	0	1	0	0	1	1	1
2188	MIERLO	589	55944652	514361112	13	15	0	0	1	1	1	1	0	1	1	0	0	1	0	1	1	0	0	1	1	0
2191	MIERLO	589	55944652	514361112	7	15	0	0	1	0	0	1	1	1	1	1	0	0	0	1	0	1	0	0	1	1
2212	MIERLO	668	56148214	514471962	9	5	1	1	0	1	1	0	0	0	0	0	0	1	1	0	1	1	0	1	0	1
2241	HEUSDEN GEM ASTEN	715	57456148	513852999	12	30	1	0	1	0	0	0	1	1	0	1	0	0	0	0	1	0	0	1	0	0
2259	MIERLO	673	56151711	514456558	6	19	1	1	1	1	1	0	1	0	0	0	1	0	0	0	1	1	1	1	1	1
2300	BUDEL	565	55733835	512668464	6	18	0	0	0	1	1	0	0	1	0	0	0	0	0	1	1	0	0	0	0	1
2306	BUDEL	388	55768490	512663439	7	21	1	0	1	1	1	1	1	0	0	0	1	1	0	1	1	1	1	1	0	0
2314	BUDEL	217	55960022	512624313	10	20	0	1	0	0	0	0	1	1	0	1	0	1	1	1	1	0	1	1	1	1
2316	BUDEL	381	55778188	512725841	10	29	1	0	0	1	0	1	0	1	1	1	1	1	1	1	1	1	0	0	1	0
2334	GASTEL	192	55571198	512842882	6	13	0	1	1	0	1	1	0	1	0	0	0	0	0	0	1	1	1	0	0	1
2340	BEEK EN DONK	84	56338131	515460033	7	8	0	1	1	1	1	1	0	0	1	0	0	1	1	1	1	1	0	1	1	1
2346	DEURNE	913	57781957	514658502	7	6	1	1	1	1	1	1	1	1	1	0	0	1	1	1	0	0	1	0	0	0
2353	BUDEL	451	55775702	512754138	6	23	0	0	0	1	0	1	0	1	0	1	0	1	1	0	1	1	1	0	1	1
2456	SOMEREN	983	56982105	513645018	6	12	1	0	1	1	0	1	1	0	0	0	0	0	1	1	0	0	0	1	1	0
2483	HEUSDEN GEM ASTEN	790	57585176	513748475	11	5	0	1	1	0	0	0	1	1	1	1	0	0	0	0	1	1	0	1	1	1
2500	MAARHEEZE	479	56295706	513089704	11	14	0	1	0	0	0	0	0	0	1	0	1	1	0	1	0	0	0	0	0	0
2511	DEURNE	855	57808963	514613607	5	7	1	0	0	0	1	1	0	0	0	1	1	0	0	0	0	0	1	0	1	1
2516	ASTEN	723	57474087	514055307	6	11	0	1	0	0	1	0	1	1	0	0	1	0	1	1	0	1	1	1	0	0
2524	BEEK EN DONK	58	56369400	515491085	13	41	1	1	1	0	1	0	1	0	1	0	1	0	0	1	0	0	1	0	0	1
2539	BUDEL	352	55732956	512718142	6	11	1	1	1	1	0	1	0	0	1	1	1	1	0	0	0	1	0	1	0	1
2593	HEUSDEN GEM ASTEN	776	57732605	513789996	6	8	0	1	1	1	1	0	0	1	0	0	1	0	0	1	1	0	1	1	1	1
2621	BUDEL	318	55900310	512656664	11	33	0	0	1	1	1	1	1	0	1	0	0	1	0	1	1	1	1	1	0	1
2627	MAARHEEZE	236	56085408	513096253	11	17	0	1	1	0	0	1	1	1	0	0	1	1	1	1	0	0	0	0	1	0
2652	LIEROP	1076	56897988	514326476	12	15	1	1	0	0	0	1	0	1	1	0	0	1	1	1	0	0	1	0	0	1
2680	MAARHEEZE	221	56042529	513151137	7	7	0	1	1	0	1	0	0	1	1	0	0	0	0	0	1	1	0	1	1	0
2682	MAARHEEZE	228	56061746	513084070	12	12	1	0	0	0	0	0	1	0	0	1	1	1	1	0	1	0	0	1	0	1
2688	MAARHEEZE	506	56360327	513057783	11	28	0	1	0	0	0	0	0	1	1	1	1	1	1	0	0	1	1	0	1	0
2697	BUDEL-SCHOOT	444	55661065	512503377	8	6	1	1	1	0	1	0	0	1	0	1	1	0	0	1	1	1	1	0	0	0
2698	BUDEL	413	55805777	512645048	8	13	0	0	0	1	1	0	1	0	0	1	0	1	1	0	0	0	1	1	1	0
2699	MAARHEEZE	491	56283508	513091741	10	10	1	1	1	0	0	0	0	1	1	1	0	0	0	0	0	1	1	1	1	0
2707	BUDEL	393	55768490	512663439	7	6	0	0	0	0	0	0	0	1	0	0	0	0	1	1	1	1	1	0	0	1
2714	ASTEN	793	57510182	514052415	5	11	1	0	0	1	0	0	0	0	1	0	1	1	1	0	0	0	1	1	0	0
2728	ASTEN	679	57372992	514081637	10	14	1	0	0	0	0	1	0	0	0	1	1	1	0	0	0	0	1	0	1	1
2740	MIERLO	611	56169629	514415268	12	15	1	0	1	0	1	1	0	1	1	0	0	1	0	1	0	1	1	1	1	1
2741	SOMEREN	1079	57373885	513613290	9	20	0	1	0	0	1	0	0	0	1	0	1	1	0	0	1	0	1	0	0	0
2757	BUDEL	395	55768490	512663439	13	40	0	0	0	0	0	0	0	0	0	0	0	1	0	0	0	0	0	0	0	1
2832	SOERENDONK	414	55707701	512998509	12	28	0	0	1	0	1	1	0	1	1	0	0	1	1	1	1	1	0	0	0	1
2836	MAARHEEZE	289	56343016	513026712	13	40	1	0	1	1	0	0	0	1	1	0	0	1	0	0	0	0	1	0	1	0
2839	MAARHEEZE	291	56371939	513033628	7	15	1	0	0	1	1	0	0	1	0	0	1	1	1	1	1	1	1	1	0	1
2840	MILHEEZE	150	57985322	515138571	7	17	1	1	0	0	1	0	1	0	0	0	0	0	0	1	0	1	1	0	1	1
2862	MIERLO	640	56219321	514462867	5	17	1	1	1	0	0	1	1	0	1	0	1	0	1	0	0	1	1	1	0	0
2939	ASTEN	720	57476023	514039090	11	34	0	0	0	0	1	0	0	1	0	1	1	0	1	1	0	1	1	0	0	1
2949	MAARHEEZE	263	56072795	513010309	11	9	0	1	1	0	0	1	1	1	1	0	1	0	0	0	0	1	0	0	0	0
3003	BUDEL	360	55730944	512700578	7	13	1	0	1	1	1	0	0	1	1	0	0	0	1	0	1	0	0	1	1	1
3018	SOERENDONK	182	55781698	513055625	11	15	0	0	0	0	0	0	1	1	1	1	1	1	0	0	0	1	0	1	1	0
3045	ASTEN	677	57632947	514020320	7	11	0	0	1	1	1	1	0	0	0	0	1	1	0	1	0	0	0	0	0	0
3046	BUDEL	216	55960022	512624313	6	14	0	0	0	0	1	0	1	0	0	0	0	0	1	1	0	1	0	0	1	0
3115	AARLE RIXTEL	113	56351319	515119245	6	21	0	0	0	0	1	0	1	0	0	0	1	1	0	1	1	1	0	0	0	0
3134	ASTEN	766	57448400	514090850	10	25	0	1	1	1	1	1	0	1	0	0	1	0	1	1	1	1	1	1	1	0
3140	MAARHEEZE	251	56151535	513098100	10	27	0	1	1	0	0	1	1	1	0	0	0	1	1	0	0	0	1	0	1	1
3141	OMMEL	801	57479367	514174748	9	17	0	0	1	1	0	1	1	1	0	0	0	0	1	0	0	1	0	0	1	0
3197	DEURNE	911	57961791	514633335	7	25	0	0	0	0	1	1	1	0	0	1	0	0	1	1	1	1	0	1	1	1
3205	BUDEL	417	55890429	512785600	8	15	0	1	1	0	0	1	0	1	0	0	1	0	0	0	0	0	0	1	0	0
3209	DEURNE	873	57938642	514498084	6	15	0	0	1	1	1	0	0	0	0	0	0	1	1	0	1	1	1	1	1	0
3219	MAARHEEZE	478	56295706	513089704	9	26	1	0	1	1	1	1	0	0	1	1	0	1	1	0	0	0	1	0	1	0
3223	MAARHEEZE	292	56343016	513026712	11	7	0	1	0	1	0	1	0	1	0	0	1	0	1	1	0	0	0	1	0	0
3238	LIESHOUT	12	55906691	515179976	9	23	1	1	1	0	1	0	1	0	1	0	0	0	1	1	1	1	0	0	0	0
3292	MAARHEEZE	228	56061746	513084070	5	19	1	0	1	1	0	1	0	0	0	0	0	0	0	0	0	0	1	1	1	0
3295	LIEROP	972	56914023	514193661	9	26	1	0	1	0	1	1	0	1	1	1	1	1	0	1	1	1	0	1	0	1
3308	SOMEREN	1061	56974104	513591354	9	24	1	0	1	1	0	0	1	1	0	0	1	1	1	1	0	1	0	1	1	0
3322	ASTEN	732	58281003	513898207	13	30	1	0	0	1	1	1	1	1	0	0	0	0	0	1	1	0	0	1	0	0
3329	LIESHOUT	7	55962628	515198859	5	9	0	0	1	1	0	1	0	0	0	1	0	0	1	1	0	1	1	1	0	0
3330	HEUSDEN GEM ASTEN	714	57456148	513852999	8	24	1	0	1	1	1	1	1	1	1	1	0	0	0	1	0	1	1	1	0	0
3333	SOMEREN	1067	57467258	513461394	13	23	1	0	1	1	1	1	0	0	1	0	0	1	1	0	0	0	1	1	0	0
3348	SOMEREN	986	57070533	513678728	12	35	0	1	0	0	1	0	0	1	0	0	0	0	0	0	1	0	1	0	0	1
3349	SOERENDONK	309	55734602	513023563	11	18	1	1	1	1	0	1	0	1	1	1	1	0	1	1	0	1	0	1	1	0
3357	ASTEN	827	57386110	514059845	8	5	1	0	1	0	0	1	1	1	0	1	0	0	0	1	0	1	1	1	1	1
4088	SOMEREN	1068	57461547	513506104	8	13	1	0	0	0	1	1	1	1	0	0	0	0	0	1	1	1	0	0	0	0
4153	NEERKANT	884	58587279	513812817	8	26	0	0	1	1	1	0	0	0	0	1	1	0	1	1	0	0	0	1	0	1
4201	SOMEREN-HEIDE	1048	56777825	513586629	11	28	0	1	0	0	1	1	0	0	1	0	0	1	0	1	1	1	0	1	0	1
4234	SOMEREN-HEIDE	1090	56953718	513459556	9	31	1	1	0	1	1	1	0	1	0	1	1	1	0	1	0	1	0	1	0	1
4235	MAARHEEZE	225	56110856	513134501	13	22	0	0	1	1	1	1	1	0	1	0	1	0	0	1	0	0	0	1	1	1
4318	DEURNE	918	58097128	514526036	10	27	1	0	0	1	0	0	1	1	1	1	0	0	0	0	0	0	1	1	1	1
4319	HEUSDEN GEM ASTEN	809	57796329	513514045	9	27	0	0	0	0	1	1	1	0	0	1	1	1	1	1	1	1	0	0	0	1
4328	VLIERDEN	931	57416964	514409775	9	28	0	1	1	0	1	1	1	0	1	1	0	0	0	0	1	0	0	0	1	1
4333	VLIERDEN	2	57180571	514423001	12	11	1	1	1	0	1	1	0	1	1	0	1	0	0	0	1	1	0	1	1	0
4334	LIESHOUT	89	55903900	515181308	9	22	1	1	0	1	1	1	0	0	1	0	0	0	0	1	1	0	1	1	0	1
4337	LIEROP	1089	56692066	514217438	6	13	0	0	1	1	1	1	1	0	0	1	0	0	0	0	1	1	1	0	1	1
4340	BEEK EN DONK	85	56340259	515468331	13	27	0	0	0	1	1	1	1	0	1	0	1	1	0	1	1	0	0	1	1	1
4350	BUDEL	344	55766409	512735769	6	18	0	1	1	0	1	0	1	1	0	0	1	1	1	0	1	1	0	1	1	0
4354	MIERLO	610	56192566	514423267	6	11	1	0	1	1	1	0	0	0	1	0	1	1	0	1	1	0	1	1	0	1
4357	VLIERDEN	863	57513164	514421290	7	6	0	0	1	0	0	1	0	0	0	1	1	0	0	1	0	1	1	1	0	1
4358	ASTEN	761	57317188	514112196	11	23	1	0	0	0	1	0	1	0	1	0	1	1	1	0	1	0	1	0	1	1
4359	DEURNE	904	57951235	514638623	5	19	0	1	0	1	0	1	0	1	1	0	0	0	1	1	1	1	1	1	0	1
4367	ASTEN	704	57576572	514143898	8	23	1	0	1	1	0	1	0	0	1	0	1	0	0	0	0	1	0	1	1	0
4454	HEUSDEN GEM ASTEN	814	57883604	513806923	10	34	0	0	1	0	0	0	0	0	0	1	0	1	0	1	1	0	0	0	0	0
4487	SOMEREN-EIND	952	57336509	513607511	6	14	1	1	0	0	1	0	1	0	1	0	0	0	0	1	1	0	1	0	0	0
4524	MAARHEEZE	180	55896560	513265973	9	18	0	0	1	1	1	0	1	1	1	0	0	0	1	1	1	0	1	1	1	1
4576	DEURNE	867	57717831	514645180	6	16	1	0	1	1	0	1	1	0	1	0	0	1	1	0	0	0	1	0	0	0
4579	MAARHEEZE	489	56288387	513090926	10	14	1	0	1	0	1	0	0	0	0	1	0	1	1	0	1	0	0	1	1	1
4608	GASTEL	420	55500966	512864091	10	20	1	1	0	1	1	0	0	1	1	1	1	0	0	0	1	1	0	1	0	1
4618	ASTEN	701	57472886	514036004	10	12	1	1	0	1	0	1	1	1	0	0	0	1	1	1	0	0	0	0	1	1
4631	MAARHEEZE	211	56154741	513129984	7	25	0	0	1	1	0	0	0	0	1	1	1	1	1	1	1	1	1	0	0	0
4721	BEEK EN DONK	152	56272812	515376518	12	23	1	1	0	1	1	1	1	0	0	1	1	1	0	0	1	1	0	0	1	1
4734	MAARHEEZE	507	56360327	513057783	13	7	1	1	0	1	0	0	0	0	1	0	0	0	1	1	0	1	0	0	0	0
4736	HEUSDEN GEM ASTEN	797	58096992	513710832	11	33	1	1	0	0	0	1	0	1	1	0	0	0	1	1	1	0	1	1	1	1
4740	BUDEL	562	55732212	512758635	8	15	0	1	1	1	1	1	1	0	1	0	0	1	0	0	0	1	0	0	0	0
4746	MAARHEEZE	251	56151535	513098100	11	15	0	0	1	0	0	1	0	1	1	1	1	1	1	1	0	0	0	0	0	1
4748	BUDEL	528	55808335	512714748	7	20	0	0	1	0	0	1	1	0	0	1	0	0	0	0	1	0	0	0	1	1
4749	MAARHEEZE	220	56030207	513157805	12	37	1	1	0	0	1	1	0	1	0	1	0	0	1	1	1	1	0	1	1	1
4750	BUDEL	440	55832672	512829977	10	31	0	0	0	1	1	0	1	1	0	0	0	0	0	0	1	1	0	1	1	1
4751	BUDEL	436	55816706	512836004	9	22	1	1	0	1	1	0	1	1	1	1	1	0	1	1	1	1	1	0	0	1
4752	BUDEL	462	55706327	512635174	8	20	1	0	0	0	0	0	1	1	0	0	1	1	0	1	1	1	1	1	1	1
4753	BUDEL	339	55766409	512735769	11	27	0	0	0	0	1	0	0	0	0	1	1	1	1	0	1	0	0	1	1	1
4755	BUDEL-SCHOOT	428	55681820	512426520	9	10	1	1	0	1	1	0	0	0	0	0	1	1	1	1	1	0	0	1	1	1
4763	BUDEL	302	55738253	512736037	10	19	1	1	1	0	1	0	1	0	1	1	1	0	1	1	1	0	0	0	0	1
4766	BUDEL-SCHOOT	584	55677179	512570126	11	24	0	0	0	1	1	1	1	1	0	0	0	0	0	1	1	0	0	1	0	0
4767	MAARHEEZE	249	56151535	513098100	10	16	1	1	1	1	0	0	0	0	0	1	0	0	0	0	1	0	1	1	0	1
4772	GASTEL	196	55540199	512843018	6	7	1	0	1	1	1	0	0	0	1	0	0	0	0	0	1	0	1	0	0	1
4773	SOERENDONK	573	55793233	513002352	6	10	1	0	0	1	0	0	0	1	1	1	0	1	1	0	1	0	1	1	0	0
4774	MAARHEEZE	242	56180318	513114867	6	6	1	1	0	0	0	0	1	1	0	0	0	0	1	0	1	1	0	1	1	1
4775	SOERENDONK	372	55808956	513041642	10	18	0	1	0	1	0	1	0	1	0	0	1	1	0	0	1	1	0	1	1	0
4779	HEUSDEN GEM ASTEN	771	57641411	513836848	12	8	0	0	0	0	0	1	1	0	0	0	1	1	0	0	1	1	0	1	0	0
4780	BUDEL	354	55732956	512718142	10	8	1	1	1	1	0	0	1	0	0	1	1	1	0	0	1	1	1	0	1	1
4782	MAARHEEZE	494	56295706	513089704	9	22	1	1	1	0	1	1	0	0	1	0	0	0	0	0	0	0	1	1	1	0
4783	BUDEL-SCHOOT	433	55630798	512538212	5	11	0	1	0	1	1	0	0	1	0	1	0	1	1	0	1	0	0	1	1	0
4796	BUDEL	385	55773737	512648912	8	19	0	0	1	1	0	0	1	0	1	0	1	1	0	0	1	1	1	1	1	0
4797	BUDEL	411	55805777	512645048	7	11	1	0	1	1	0	1	0	1	1	0	0	1	1	0	0	0	0	1	1	1
4798	BUDEL	306	55738817	512723775	7	13	0	1	0	0	0	0	1	1	1	0	0	1	1	0	0	0	0	0	0	0
4800	MAARHEEZE	279	56132713	513114693	7	23	0	1	1	0	1	0	1	1	1	0	1	1	0	0	1	0	1	0	0	0
4801	SOERENDONK	209	55715621	513061594	9	14	1	0	1	0	1	1	0	1	1	1	1	0	0	0	1	1	0	0	0	0
4804	BUDEL	567	55762323	512649331	10	22	1	0	0	1	0	0	0	0	1	1	1	1	1	0	1	1	1	1	0	1
4814	MAARHEEZE	239	56405661	513141546	7	20	1	1	0	1	0	1	1	1	0	0	1	0	1	0	1	1	0	0	1	0
4815	MAARHEEZE	233	56098346	513230206	12	37	0	1	1	1	1	1	0	0	1	0	1	1	1	0	0	1	1	0	0	0
4816	BUDEL DORPLEIN	553	55678466	512407185	10	13	1	1	1	1	1	0	1	1	1	0	0	1	1	1	0	1	1	1	1	0
4823	MAARHEEZE	241	56219241	513102353	6	11	1	1	1	0	0	0	1	0	0	0	1	0	0	0	0	1	1	1	1	1
4824	GASTEL	456	55588113	512879347	8	10	1	1	0	1	1	1	0	1	0	1	1	1	0	1	0	1	0	0	1	1
4825	MAARHEEZE	477	56295706	513089704	12	30	1	1	1	1	0	1	1	1	0	0	0	1	1	0	1	1	0	1	0	0
4829	MAARHEEZE	264	56172597	513080785	11	34	0	0	1	0	0	0	0	0	1	1	0	0	1	1	0	1	0	0	0	1
4831	SOERENDONK	373	55808956	513041642	7	20	1	1	0	1	1	0	0	1	1	1	0	0	1	0	1	1	1	0	1	1
4838	BUDEL	430	55724513	512631865	10	10	1	1	0	1	0	1	0	1	0	0	1	1	0	0	0	1	0	0	1	1
4842	MAARHEEZE	291	56371939	513033628	13	38	0	0	1	1	0	0	1	1	0	1	1	0	0	0	1	0	1	0	0	0
4844	BUDEL	323	55749270	512744895	7	10	0	0	0	0	1	0	1	1	1	0	0	0	0	1	0	1	0	1	1	1
4845	MAARHEEZE	282	56132713	513114693	6	15	0	1	0	0	1	1	1	1	0	0	1	0	1	1	0	1	1	0	0	0
4851	MAARHEEZE	257	56116733	513084815	11	34	1	1	0	0	0	1	0	1	1	1	0	0	0	0	1	0	1	1	0	0
4852	MAARHEEZE	258	56113026	513088241	8	10	1	0	0	0	0	0	0	0	1	0	0	1	1	1	0	0	1	0	0	0
4857	GASTEL	457	55570967	512863277	10	6	0	1	0	0	1	0	0	1	1	1	1	0	1	1	1	1	0	0	0	0
4858	MAARHEEZE	511	56540074	513169402	8	21	1	1	0	1	1	0	0	0	1	1	0	0	0	1	0	0	0	0	1	1
4875	BUDEL	313	55712523	512744033	10	10	1	1	0	0	1	1	1	0	1	1	0	1	1	0	0	0	1	0	1	0
4878	MAARHEEZE	510	56540074	513169402	7	19	1	1	0	1	1	1	0	0	0	0	0	1	0	0	1	1	0	1	1	1
4879	BUDEL	340	55766409	512735769	10	18	1	0	0	1	1	0	0	1	1	0	0	0	1	1	1	1	0	0	1	1
4881	AARLE RIXTEL	80	56489943	515168143	9	21	1	0	1	1	0	1	1	0	1	1	1	0	0	0	0	1	1	1	0	0
4884	BUDEL	353	55732956	512718142	11	11	1	1	0	1	0	0	1	1	1	1	1	0	0	0	0	1	1	0	0	0
4895	BUDEL DORPLEIN	554	55678466	512407185	12	33	1	0	1	0	0	0	0	0	1	1	0	1	0	0	1	0	1	1	1	0
4896	BUDEL	410	55805777	512645048	9	25	0	0	1	0	0	0	1	0	0	0	0	1	0	0	1	0	0	1	1	0
4903	BUDEL-SCHOOT	586	55675978	512566849	9	21	0	0	0	0	1	0	0	1	1	0	0	1	0	0	0	0	1	1	0	0
4904	BUDEL	330	55994627	512627298	7	15	1	1	1	1	0	1	1	1	1	0	1	1	1	1	1	0	1	0	1	1
4907	MAARHEEZE	259	56116733	513084815	8	23	1	1	1	0	1	0	0	0	1	1	0	1	1	1	0	0	1	1	1	1
4910	MAARHEEZE	405	56065543	513074332	8	14	1	1	1	1	1	1	1	1	1	0	1	0	1	1	1	0	0	0	0	0
4911	BUDEL	382	55915764	512707134	12	13	1	0	1	1	0	1	1	1	1	1	1	1	1	1	0	0	0	1	0	0
4926	MAARHEEZE	237	56369116	513109555	8	9	0	0	0	1	1	1	0	0	0	0	1	1	0	0	0	1	0	1	0	1
4934	BUDEL	520	55703108	512671254	10	10	0	1	1	1	1	0	1	0	0	0	1	1	1	0	1	1	0	0	1	1
4935	MAARHEEZE	229	56061746	513084070	13	17	0	0	1	1	1	1	1	1	1	1	0	0	0	0	0	0	1	1	1	1
4945	GASTEL	275	55569436	512848953	12	31	1	0	0	1	1	1	1	0	0	1	0	0	1	1	1	1	1	0	1	1
4949	MAARHEEZE	177	56215500	513133629	7	12	0	1	1	1	0	1	0	0	1	1	0	0	0	0	0	1	0	0	1	1
4950	MAARHEEZE	248	56151535	513098100	12	34	0	1	1	0	1	0	0	1	0	0	1	1	0	0	1	1	1	1	0	0
4953	BEEK EN DONK	97	56345271	515441947	6	22	0	1	0	0	1	1	1	1	1	0	0	1	1	1	1	1	1	0	1	1
4955	GASTEL	265	55558699	512852298	9	13	0	0	1	0	0	0	1	0	0	0	0	1	1	0	0	0	1	1	0	1
4956	BUDEL	439	55810544	512876235	7	17	1	1	0	0	1	1	1	1	0	0	1	0	0	0	1	0	0	0	0	1
4957	GASTEL	199	55535058	512840788	12	18	0	0	0	1	0	1	1	1	0	0	1	0	1	1	1	0	0	0	0	1
4958	BUDEL	524	55787258	512733079	7	17	0	1	0	1	0	0	0	1	0	1	0	1	0	1	1	0	0	1	1	1
4969	BUDEL	357	55732956	512718142	13	36	0	0	0	0	1	0	1	0	0	0	0	0	0	0	0	1	0	1	0	1
4970	BUDEL-SCHOOT	447	55753389	512555091	6	23	1	1	1	0	1	0	0	1	0	1	0	1	1	0	1	1	1	0	1	0
4974	MAARHEEZE	219	56094727	513143573	6	11	1	0	0	1	0	0	0	1	0	1	0	1	0	1	1	1	0	1	0	0
4977	SOERENDONK	208	55804943	512968823	8	10	0	1	1	0	0	0	1	0	0	1	1	1	0	1	0	1	0	0	1	1
4978	BUDEL	304	55738253	512736037	7	17	0	0	0	0	1	1	0	1	0	1	1	0	1	0	1	1	0	0	1	0
4981	SOERENDONK	377	55818231	513068658	12	17	0	0	1	0	1	1	1	0	0	0	0	0	0	1	0	1	1	0	1	0
4985	SOERENDONK	570	55787777	512991192	9	15	0	1	0	0	0	1	0	0	0	1	1	1	0	1	0	1	1	1	1	0
4986	MAARHEEZE	234	56310776	513228634	8	17	1	0	1	1	0	1	1	0	1	1	0	0	0	0	0	0	1	1	0	0
4987	BUDEL	403	56071546	512824985	12	22	0	1	1	0	0	1	0	0	1	0	1	0	1	1	1	0	1	0	1	1
4988	BUDEL	464	55765104	512761887	7	8	0	1	1	0	1	1	0	1	0	0	1	0	1	1	1	1	0	1	0	1
4991	BUDEL	469	55469329	512760325	12	38	0	1	1	1	0	0	0	0	1	1	1	0	0	0	0	1	0	1	1	1
4992	BUDEL	544	55809144	512771096	7	20	1	1	0	1	1	0	0	0	0	0	1	1	1	0	1	0	1	1	1	1
4994	BUDEL	452	55775702	512754138	12	5	1	1	1	0	0	1	0	1	0	0	1	1	1	0	1	0	1	1	0	0
5004	BUDEL	315	55725911	512740040	10	11	1	0	1	1	1	1	0	1	0	0	0	1	1	0	0	0	0	1	0	1
5005	BUDEL	343	55766409	512735769	11	30	0	1	0	0	1	1	0	0	0	1	0	0	0	1	1	0	1	1	0	1
5006	BUDEL	301	55738253	512736037	12	37	0	1	1	0	1	1	0	1	0	1	0	0	1	0	1	1	1	0	1	0
5009	BUDEL	358	55732956	512718142	11	25	0	1	0	0	1	0	1	1	0	0	1	1	0	1	1	1	1	1	1	0
5010	BUDEL	319	55749270	512744895	10	29	1	1	0	1	0	0	1	0	1	0	0	0	0	1	1	1	1	1	0	1
5011	BUDEL-SCHOOT	551	55656503	512488884	10	35	0	0	0	1	1	0	1	1	1	1	1	1	0	0	1	1	1	1	0	0
5012	BUDEL	361	55732956	512718142	7	6	0	1	1	0	1	1	0	0	0	1	0	0	0	0	0	1	0	0	1	0
5015	BUDEL	341	55766409	512735769	6	21	0	1	0	1	1	0	1	0	1	1	0	0	0	1	1	0	0	1	1	0
5017	BUDEL	305	55738253	512736037	8	23	0	0	0	1	1	1	1	1	1	1	0	1	1	1	0	0	1	1	0	1
5018	BUDEL	311	55721736	512738620	5	16	1	1	0	0	0	1	1	0	0	1	1	1	0	1	0	1	1	0	1	1
5036	ASTEN	787	57465406	514056517	7	9	0	1	1	1	0	1	1	0	0	1	1	0	1	1	1	1	1	1	0	1
5037	MAARHEEZE	512	56540074	513169402	7	20	0	1	0	0	0	1	1	0	1	1	1	1	1	1	0	1	1	1	0	1
5038	SOERENDONK	376	55818231	513068658	11	8	0	1	0	0	1	1	1	1	0	0	0	1	1	1	0	1	1	0	0	1
5039	BUDEL	540	55610528	512671069	10	18	0	0	1	1	0	0	0	0	1	0	1	1	1	1	0	1	1	0	1	1
5048	SOERENDONK	416	55707701	512998509	12	10	0	1	0	0	0	0	0	1	0	0	0	1	0	1	0	0	1	1	0	0
5049	BUDEL	409	55805777	512645048	13	37	1	1	0	0	1	0	1	1	1	0	1	0	1	1	0	1	0	1	0	0
5050	BUDEL-SCHOOT	583	55676675	512568753	8	10	1	1	0	1	0	0	1	0	1	0	1	1	1	0	0	1	1	0	0	0
5052	BUDEL-SCHOOT	582	55676172	512567381	7	20	0	1	1	1	1	1	1	1	0	1	0	0	1	0	1	0	1	0	0	1
5053	MAARHEEZE	213	56151514	513139224	6	10	1	0	0	0	1	0	1	0	1	0	1	1	1	0	1	0	0	0	1	0
5055	BUDEL	561	55732212	512758635	8	7	0	1	1	1	1	0	0	1	1	0	0	1	0	1	1	1	1	0	1	0
5056	BUDEL	315	55725911	512740040	7	8	1	0	0	0	0	1	1	1	0	0	1	0	1	1	0	1	0	1	1	1
5058	GASTEL	266	55540129	512855273	11	32	0	1	0	1	0	0	1	0	0	1	0	1	0	1	1	0	1	1	1	0
5061	BUDEL	466	55297404	512863434	10	5	0	1	0	0	1	1	1	1	0	1	0	1	0	1	0	0	1	0	0	0
5063	MAARHEEZE	251	56151535	513098100	7	9	1	0	0	0	0	1	0	1	0	1	0	0	0	0	0	1	1	0	1	0
5080	MAARHEEZE	179	55975846	513195300	13	14	1	0	1	1	1	1	1	1	0	1	0	1	1	0	1	0	0	0	0	0
5082	BUDEL DORPLEIN	368	55960111	512363639	12	35	1	1	1	1	0	1	1	1	0	0	0	1	1	0	1	0	1	0	1	1
5092	BUDEL	526	55768744	512740204	8	8	1	0	1	1	0	1	0	0	0	1	1	1	1	0	0	0	1	0	1	0
5093	BUDEL	175	55879782	512565279	8	29	0	0	1	1	1	0	1	1	1	1	1	0	0	1	1	1	1	0	1	1
5097	BUDEL	515	55710027	512773766	8	17	0	0	1	1	0	1	1	1	1	0	1	1	1	0	1	0	1	1	1	0
5105	GASTEL	459	55583704	512875215	12	16	0	1	1	0	1	0	1	1	0	0	0	1	0	1	0	1	1	1	0	0
5107	GASTEL	200	55525805	512881130	7	22	1	0	0	0	1	0	0	0	0	1	0	0	1	0	0	0	0	1	1	1
5109	GASTEL	576	55507560	512860086	8	8	0	1	0	1	0	1	1	0	0	1	1	0	0	0	0	1	1	1	0	1
5111	SOERENDONK	184	55775086	513020182	6	18	0	1	0	0	1	0	0	0	1	0	0	1	1	1	0	1	0	1	0	0
5114	SOERENDONK	415	55707701	512998509	6	20	0	0	0	1	0	0	1	1	0	1	1	0	1	1	1	1	1	0	1	0
5116	BUDEL	521	55673375	512706307	9	6	1	0	1	1	0	1	1	1	0	1	0	0	1	1	0	0	0	0	1	0
5126	SOERENDONK	188	55736732	513012236	11	24	0	0	1	0	1	1	1	0	0	0	1	1	0	0	0	0	1	0	0	1
5127	BUDEL-SCHOOT	362	55649638	512520225	12	18	0	1	1	1	1	1	1	0	0	0	0	0	0	0	0	0	1	0	1	0
5128	BUDEL	423	55764094	512785135	7	10	1	1	0	0	1	1	1	0	1	0	1	1	1	1	0	0	0	1	1	1
5131	MAARHEEZE	258	56113026	513088241	11	35	0	1	1	1	0	0	1	0	1	1	1	1	1	1	0	0	1	0	1	0
5139	MAARHEEZE	508	56508152	513208968	10	33	0	1	0	1	0	0	0	1	0	1	0	0	0	0	0	0	0	1	0	0
5140	GASTEL	454	55591543	512882562	6	7	1	1	0	0	1	0	0	0	1	1	1	0	1	0	0	0	0	0	0	0
5141	SOERENDONK	571	55787777	512991192	10	31	0	1	0	1	1	0	0	1	1	1	1	0	0	0	1	1	0	0	1	1
5142	BUDEL DORPLEIN	564	55854191	512348671	9	15	0	0	0	0	1	0	1	1	0	1	1	1	0	1	1	0	0	0	1	0
5144	GASTEL	575	55451726	512843782	6	8	1	1	0	0	0	1	0	0	0	1	0	0	0	1	0	1	0	0	0	1
5146	BUDEL-SCHOOT	550	55653205	512480863	10	30	1	0	1	0	1	1	0	1	0	0	0	1	1	0	0	1	1	0	1	0
5152	GASTEL	421	55500966	512864091	7	11	1	0	0	0	1	1	1	1	0	1	0	0	1	1	0	0	1	0	1	1
5159	BUDEL	563	55737036	512691071	8	7	0	1	1	1	0	0	1	0	0	1	0	0	0	0	0	0	1	1	0	1
5166	BUDEL	529	55808335	512714748	10	30	0	0	1	0	1	1	1	0	0	1	0	0	1	1	1	0	1	0	1	1
5170	GASTEL	458	55591543	512882562	6	21	1	0	0	1	0	0	0	0	0	1	1	1	0	0	0	0	1	1	0	1
5175	GASTEL	274	55569436	512848953	12	22	1	0	0	1	1	1	0	1	0	1	0	1	1	0	1	0	0	1	1	0
5176	GASTEL	276	55569436	512848953	11	28	0	1	0	0	0	0	1	1	1	0	1	1	1	1	0	0	1	1	1	1
5178	BUDEL-SCHOOT	548	55692838	512512473	7	5	1	1	0	0	1	0	0	0	1	1	0	0	1	1	1	0	1	0	0	1
5185	AARLE RIXTEL	74	56399191	515102396	8	15	0	1	0	0	0	1	0	0	1	0	0	1	1	1	1	0	0	1	0	0
5189	BUDEL	523	55797017	512747652	5	15	1	1	1	1	0	0	0	1	0	0	1	1	0	0	0	1	0	1	0	1
5190	GASTEL	460	55564109	512856849	9	17	1	1	0	0	1	0	1	0	1	1	1	1	0	1	1	1	0	0	1	0
5201	BUDEL	566	55762323	512649331	8	10	1	1	1	0	1	0	1	0	0	0	0	0	0	1	0	0	0	1	1	1
5202	BUDEL	533	55890429	512785600	12	39	0	0	1	0	1	1	1	1	0	0	1	0	1	1	0	1	0	0	1	0
5204	SOERENDONK	572	55787777	512991192	13	10	0	0	0	0	0	0	0	0	0	0	1	1	0	1	0	1	0	1	0	0
5205	MAARHEEZE	268	56201199	513061991	10	15	0	0	0	1	1	1	0	1	0	1	1	0	0	0	1	0	0	0	0	1
5209	MAARHEEZE	499	56295706	513089704	8	21	0	0	0	0	0	1	1	0	0	1	0	0	1	1	0	0	1	1	1	0
5215	MAARHEEZE	514	56415851	513239997	11	26	1	1	1	0	0	0	1	1	1	0	0	0	1	0	0	0	0	0	1	0
5219	BUDEL	367	55822458	512738790	7	12	0	0	0	0	1	0	1	1	0	1	0	1	1	1	1	1	1	0	0	0
5221	BUDEL	335	55999808	512590581	11	29	0	1	1	0	1	1	0	1	0	0	1	1	0	1	0	1	1	1	0	0
5224	BUDEL	426	55755154	512739167	5	16	0	0	0	1	0	1	0	1	0	1	0	1	1	1	0	1	1	0	0	1
5226	MAARHEEZE	345	56314537	513151506	8	12	1	0	0	0	0	1	1	0	1	0	1	1	0	1	1	1	1	1	0	1
5229	MIERLO	630	56339371	514502805	12	6	1	1	1	0	0	0	0	1	0	0	1	1	0	0	1	1	0	0	0	0
5232	MAARHEEZE	284	56132713	513114693	10	33	0	0	0	1	1	0	0	1	1	0	1	1	0	0	1	0	1	1	0	1
5239	GASTEL	277	55569436	512848953	6	7	0	0	0	1	1	0	0	1	0	0	0	0	1	1	0	0	1	1	1	0
5264	MIERLO	633	56203440	514380486	8	20	1	0	1	0	0	0	1	0	1	0	1	1	0	0	0	0	1	1	0	1
5296	DEURNE	852	57830273	514623264	11	10	1	0	0	0	1	0	0	1	0	1	0	0	1	1	1	0	0	0	0	1
5297	LIESSEL	889	58184273	514155222	5	20	1	0	0	0	1	0	1	0	1	0	1	0	1	0	1	1	0	0	0	0
5298	BEEK EN DONK	73	56343381	515286138	13	25	0	1	0	0	0	0	0	0	0	0	0	0	0	1	0	0	0	0	0	1
5303	MIERLO	667	56148214	514471962	5	11	1	1	0	1	1	0	0	0	0	0	1	1	0	0	0	1	0	0	0	0
5339	BUDEL	531	55768551	512723152	10	23	0	1	0	1	0	0	1	0	0	1	1	0	1	1	1	1	0	0	0	1
5344	ASTEN	734	58393872	513892888	8	24	1	0	1	1	1	0	0	0	0	1	0	0	0	0	1	0	1	0	1	0
5351	BUDEL-SCHOOT	560	55677179	512570126	6	13	0	1	1	0	0	1	0	1	1	1	1	0	0	0	0	1	1	1	0	1
5362	BUDEL	527	55768744	512740204	5	7	0	1	0	1	1	1	0	0	0	0	1	0	0	0	0	0	0	0	1	0
5407	BUDEL	465	55772346	512775660	9	18	1	1	0	1	0	0	0	0	1	1	0	0	0	0	0	1	1	0	1	1
5473	SOMEREN	957	57359071	513561964	6	20	0	0	0	1	0	0	0	0	1	0	0	0	1	1	0	0	1	1	1	0
5532	DEURNE	880	58490339	514484702	9	9	1	1	1	1	1	0	0	0	0	1	0	0	0	0	0	1	0	1	1	1
5542	MAARHEEZE	255	56109320	513091667	13	31	1	0	1	0	0	1	1	1	0	1	1	0	1	0	1	1	0	0	1	0
5550	BUDEL-SCHOOT	371	55611499	512491362	5	17	1	1	0	0	0	1	0	0	1	1	1	0	0	0	1	0	1	1	1	0
5553	NEERKANT	919	58671331	513859098	5	10	0	1	0	1	0	0	1	1	0	1	0	1	0	0	0	1	0	1	0	0
5555	BUDEL	397	55768490	512663439	9	12	0	1	1	1	0	0	1	0	0	1	1	0	1	0	1	1	0	1	0	1
5564	BUDEL DORPLEIN	559	55844607	512345518	12	32	0	0	0	0	1	1	0	1	1	1	0	1	0	0	0	0	0	1	1	0
5571	GASTEL	422	55500966	512864091	12	33	0	1	1	0	0	0	0	0	0	1	1	1	0	0	1	0	1	1	1	0
5576	BEEK EN DONK	93	56360933	515468878	8	19	0	1	0	1	1	1	1	0	0	1	1	1	1	0	0	0	1	1	1	0
5636	SOERENDONK	205	55739525	512968248	5	20	1	0	1	0	0	0	1	0	0	1	0	1	1	1	0	1	1	0	0	0
5679	ASTEN	736	57448518	514119630	8	20	0	1	0	1	0	1	0	1	1	0	0	1	0	1	1	0	0	0	1	0
5682	MIERLO	596	56135928	514436289	5	7	1	1	0	0	0	1	0	1	1	1	1	0	0	0	0	1	1	0	0	1
5729	BUDEL	450	55775702	512754138	7	8	0	0	0	0	1	1	0	1	1	0	1	1	1	1	1	0	1	0	0	1
5762	AARLE RIXTEL	105	56466666	515116249	12	37	0	0	1	0	1	1	0	0	1	0	0	1	0	0	0	0	0	0	0	1
5773	DEURNE	850	58114258	514534679	7	22	1	1	0	1	1	1	0	0	1	0	1	0	1	1	1	1	1	0	1	1
5787	BUDEL	537	55689784	512788905	6	7	1	0	0	1	0	0	0	1	0	0	0	1	1	1	1	1	0	0	1	0
5788	BUDEL	297	56014297	512661378	6	12	1	1	0	0	0	0	1	1	0	0	0	0	1	0	0	1	0	1	1	0
5791	ASTEN	680	57383855	514087290	6	8	1	1	0	1	1	1	0	0	1	0	0	0	0	1	0	0	1	1	1	0
5792	HEUSDEN GEM ASTEN	773	57634340	513828292	12	25	1	0	1	1	0	1	1	0	1	0	1	1	0	1	1	1	0	1	0	0
5793	ASTEN	749	57392174	513994901	11	25	1	1	0	0	1	1	0	0	0	0	0	1	1	0	1	0	0	0	1	1
5794	DEURNE	895	57968519	514538469	12	32	0	1	1	0	0	1	0	1	1	1	0	0	1	0	1	1	1	1	0	1
5804	SOERENDONK	183	55781698	513055625	10	26	0	0	0	0	1	1	0	1	0	0	0	1	1	0	1	1	1	0	1	1
5832	GASTEL	195	55545341	512845249	10	34	1	0	0	0	0	1	0	0	0	1	1	0	1	1	0	1	1	0	1	0
5856	SOERENDONK	207	55779523	512919288	12	20	0	0	1	0	0	0	1	1	1	1	0	0	0	0	1	0	0	0	0	1
5861	BUDEL-SCHOOT	445	55661451	512500917	7	26	0	1	1	0	1	1	0	0	0	0	1	1	0	1	1	1	0	0	1	0
5878	SOMEREN	1094	56989411	513312894	6	18	1	1	0	0	0	0	0	0	1	0	0	0	0	1	0	1	1	1	1	0
5882	SOMEREN	985	57070533	513678728	6	8	1	0	0	0	1	1	0	1	1	1	1	1	0	0	1	0	1	0	0	0
5888	BUDEL	351	55732956	512718142	6	14	1	1	0	0	0	1	1	1	1	0	0	1	1	0	0	0	1	1	1	0
5908	BEEK EN DONK	83	56341323	515472481	6	14	1	1	0	1	0	0	1	0	0	0	1	0	1	0	1	1	1	1	0	1
5927	MILHEEZE	101	57861407	515034852	10	32	0	0	0	0	1	0	1	1	0	1	0	1	1	0	1	0	0	0	1	0
5929	BUDEL	424	55764094	512785135	11	7	0	1	1	1	1	1	0	1	1	1	1	1	1	0	0	0	1	0	1	0
5970	SOMEREN	937	57186528	513785497	7	17	1	0	0	1	0	1	0	0	1	1	0	0	1	1	1	0	1	0	0	1
5983	GASTEL	194	55575604	512827705	7	24	1	1	1	1	0	0	1	0	0	1	1	1	0	1	0	0	0	0	0	0
6010	SOERENDONK	536	55729173	513034802	7	24	0	0	0	0	1	1	0	1	0	0	1	1	1	0	1	0	1	1	1	1
6064	DEURNE	841	58658644	514501963	13	12	1	0	0	1	1	1	1	1	0	1	0	0	1	1	0	1	1	1	1	0
6094	AARLE RIXTEL	161	56299990	515109152	9	18	0	1	0	0	0	0	0	1	0	1	0	1	1	0	1	1	1	0	0	1
6129	STERKSEL	39	56432534	513604892	10	10	0	1	1	1	0	1	1	0	1	1	1	1	0	1	1	0	1	1	0	0
6136	BUDEL-SCHOOT	400	55810569	512493622	12	16	0	1	1	0	1	1	1	0	0	0	1	1	1	1	1	1	0	1	0	1
6139	ASTEN	760	57317188	514112196	6	9	1	0	1	0	0	0	1	0	1	1	1	0	0	0	0	0	0	1	1	0
6144	BUDEL DORPLEIN	369	55960111	512363639	10	6	1	1	1	1	0	0	1	0	1	0	0	0	0	1	0	1	0	1	1	1
6147	BUDEL	518	55682133	512689071	11	36	0	0	1	0	1	1	0	1	1	0	1	1	1	0	0	0	1	0	1	1
6168	MAARHEEZE	246	56157251	513122223	8	26	1	1	0	0	1	1	0	0	1	0	1	0	0	0	0	1	0	0	0	0
6169	HEUSDEN GEM ASTEN	775	57758624	513799148	12	39	1	1	1	0	0	0	0	0	1	0	0	0	0	0	1	1	0	1	0	0
6181	DEURNE	872	57932197	514506798	12	21	0	1	1	1	1	0	1	1	0	1	0	1	0	0	0	1	1	1	0	1
6217	BUDEL	356	55732956	512718142	10	32	0	1	1	1	0	1	1	0	0	0	1	0	0	1	1	0	0	0	0	0
6224	BUDEL	303	55738253	512736037	6	8	0	1	0	1	1	1	0	1	0	1	1	1	1	0	0	0	0	1	1	0
6248	MIERLO	607	56192566	514423267	11	16	1	1	1	0	1	0	0	0	0	0	0	1	0	1	0	1	1	0	1	1
6249	BUDEL	317	55900310	512656664	10	20	0	0	0	1	0	0	0	1	0	0	1	1	0	0	0	1	1	0	1	0
6255	DE RIPS	48	58313738	515470904	8	17	0	1	0	0	0	0	0	1	0	1	0	1	0	1	1	1	0	0	1	1
6260	HEUSDEN GEM ASTEN	695	57679378	513811429	5	12	1	1	0	1	1	0	1	1	0	0	0	1	0	1	0	1	0	0	0	0
6270	DEURNE	871	57938642	514498084	12	29	1	0	1	0	0	1	0	1	0	0	1	0	1	0	0	1	0	0	0	1
6272	BUDEL DORPLEIN	556	55683317	512374472	11	25	0	1	1	0	0	0	0	1	1	1	1	0	1	1	1	0	1	1	0	1
6274	DEURNE	906	57951235	514638623	11	15	0	0	0	1	1	0	0	0	1	1	1	0	0	1	0	1	0	1	1	0
6286	BUDEL	172	55872622	512817036	9	6	0	0	1	0	0	1	1	1	1	0	1	0	0	1	1	0	0	0	0	1
6289	SOERENDONK	187	55732337	513005525	9	26	0	0	1	1	1	1	0	1	1	1	0	0	1	1	0	1	0	0	1	1
6315	MAARHEEZE	230	56076186	513092583	9	6	0	1	0	0	1	1	1	1	1	1	1	0	0	1	0	0	0	1	1	1
6316	SOERENDONK	572	55787777	512991192	6	14	1	0	1	0	1	1	0	0	1	1	1	1	0	0	1	1	1	0	1	0
6321	DEURNE	877	58058617	514510208	7	18	0	1	0	0	1	1	0	1	0	0	0	1	0	1	0	0	0	1	0	0
6322	DEURNE	917	57763977	514658013	8	17	1	1	1	1	1	1	1	1	1	1	0	0	0	0	0	0	0	1	0	1
6340	MAARHEEZE	243	56167717	513111735	9	11	0	1	1	0	1	1	0	1	1	0	0	0	1	0	0	1	0	0	1	1
6359	BUDEL	468	55469329	512760325	10	33	1	0	1	0	1	0	0	0	0	1	0	1	0	1	1	0	0	0	0	1
6360	ASTEN	833	57435981	514049446	10	25	1	0	1	0	1	0	1	0	0	0	1	1	0	1	1	1	0	1	1	1
6378	DEURNE	844	57970282	514831312	7	17	0	0	0	0	1	0	0	1	0	0	0	1	0	1	1	1	1	0	0	0
6395	SOERENDONK	267	55599972	512965270	6	21	0	1	1	1	1	0	0	0	0	0	1	0	0	1	0	1	1	0	1	1
6428	DEURNE	914	57781957	514658502	9	14	1	1	1	1	0	1	1	1	0	1	0	0	1	0	1	1	0	0	1	0
6478	MIERLO	619	56209304	514443321	10	14	0	0	0	1	1	0	0	0	0	1	1	0	1	0	1	1	0	1	0	0
6498	MAARHEEZE	470	56287167	513091130	6	8	0	0	1	0	0	1	0	1	1	1	1	0	1	1	1	0	0	1	0	1
6503	MAARHEEZE	260	56109320	513091667	5	9	0	0	0	1	1	0	0	0	1	0	0	0	1	0	0	1	1	1	0	1
6527	OMMEL	692	57178951	514354581	11	16	1	1	1	1	0	1	1	0	1	1	0	1	0	0	1	0	0	1	0	1
6587	MAARHEEZE	281	56132713	513114693	10	23	1	1	0	0	1	1	1	1	0	1	0	0	1	1	1	1	1	1	0	0
6603	BUDEL-SCHOOT	363	55658565	512519344	7	8	0	0	1	1	0	1	0	1	1	1	1	0	1	1	1	1	1	0	0	1
6654	ASTEN	694	57480240	514036357	10	24	1	1	0	1	0	1	0	0	1	0	1	0	0	1	1	0	1	0	0	0
6759	DE RIPS	149	58180049	515360179	11	28	1	1	1	0	0	0	1	0	0	1	1	1	1	0	1	0	0	1	1	0
6771	MAARHEEZE	472	56295706	513089704	5	14	0	0	0	0	0	0	1	1	1	0	0	0	0	1	0	1	0	0	1	0
6809	BUDEL	312	55712523	512744033	6	11	0	0	1	1	1	0	1	1	1	1	1	1	1	0	1	0	0	1	0	1
6813	AARLE RIXTEL	153	56496977	515119386	8	15	1	1	0	1	1	0	0	1	1	1	0	1	1	1	0	0	1	1	0	1
6828	SOMEREN	984	56982105	513645018	5	10	0	1	1	1	0	1	1	0	0	0	0	1	1	1	0	0	1	0	1	1
6863	HEUSDEN GEM ASTEN	775	57758624	513799148	8	15	1	0	1	0	0	0	0	0	1	0	0	0	0	0	0	1	1	1	0	0
6865	BUDEL	325	55836391	512679827	12	30	1	0	1	0	1	0	0	1	0	0	1	1	0	0	0	1	0	0	0	0
6887	BUDEL	437	55813789	512867419	8	22	1	1	0	1	0	0	1	1	0	0	0	0	1	1	0	1	1	0	1	1
6888	BUDEL	394	55768490	512663439	8	25	0	1	0	1	1	0	0	0	0	1	0	0	0	0	1	0	1	1	1	0
6895	LIESSEL	892	58325496	514108430	11	24	1	1	1	0	1	1	0	0	1	0	1	1	1	0	1	1	0	0	1	1
6912	ASTEN	705	57543850	514149380	9	30	1	0	0	0	1	1	0	0	1	1	0	0	1	1	1	1	1	1	0	0
6925	BUDEL	348	55732956	512718142	10	12	0	1	1	0	0	0	1	0	1	0	1	1	0	1	1	1	0	1	1	0
6955	MIERLO	600	56159735	514434084	8	8	1	1	1	0	1	0	1	0	0	1	1	1	1	0	1	0	1	1	0	1
7009	SOMEREN-EIND	994	57352532	513642479	10	8	0	1	0	0	1	0	0	0	1	1	1	0	1	0	0	1	0	0	1	0
7011	MIERLO	632	56192428	514387856	6	11	1	1	1	0	0	0	0	1	1	0	0	0	1	0	0	1	1	1	1	0
7040	MIERLO	671	56151711	514456558	8	21	0	0	1	0	1	1	1	1	0	1	1	0	0	1	1	0	1	0	0	1
7070	SOMEREN	998	57364826	513571595	9	6	0	0	0	1	0	1	0	0	0	1	1	1	1	1	0	0	0	1	0	1
7072	MIERLO	645	56219321	514462867	13	9	0	0	0	1	0	0	1	1	1	0	1	1	0	0	0	0	1	0	1	0
7083	SOMEREN-EIND	1095	57389864	513536923	6	8	1	0	1	1	0	0	0	0	0	1	1	1	1	1	1	0	0	1	1	0
7097	SOMEREN	944	56984353	513827007	13	33	0	0	1	0	1	0	0	1	0	1	1	1	1	0	1	1	1	0	1	0
7104	SOERENDONK	308	55734602	513023563	9	26	0	0	1	0	1	1	0	1	0	1	0	0	1	0	1	1	0	0	1	1
7133	SOMEREN-EIND	1086	57416289	513636136	7	19	1	1	1	0	0	1	0	0	1	0	1	0	0	0	1	1	1	1	1	1
7137	SOMEREN	937	57186528	513785497	11	29	0	1	0	0	1	0	0	0	1	0	0	1	0	0	1	0	0	1	0	0
7161	SOERENDONK	504	55911524	513110766	11	35	0	1	1	1	0	1	1	1	1	0	0	0	1	0	0	0	1	0	1	0
7184	DEURNE	902	57922114	514628320	12	11	1	0	1	1	1	1	1	1	0	0	1	1	0	0	1	1	1	1	0	1
7205	BEEK EN DONK	66	56297612	515382092	11	38	0	0	0	0	0	0	0	0	0	0	0	1	0	1	0	1	1	0	1	1
7211	BUDEL	351	55732956	512718142	10	6	1	1	0	1	1	0	1	1	0	1	1	0	1	1	1	0	0	0	1	0
7226	BAKEL	51	57471224	515031656	11	9	1	0	0	1	0	0	0	0	1	1	0	1	0	0	1	0	1	1	0	1
7237	MIERLO	606	56192566	514423267	9	5	1	0	1	1	0	0	0	0	1	0	0	1	0	1	0	0	0	0	1	1
7300	BUDEL	412	55811560	512649429	9	18	0	0	1	1	1	0	1	0	0	1	0	1	1	0	0	0	1	0	0	0
7308	BUDEL	365	55723666	512635389	7	12	1	1	1	0	1	1	0	1	1	1	1	0	1	1	0	0	1	1	0	1
7309	MAARHEEZE	224	56113773	513135641	10	18	0	1	1	1	1	0	1	0	1	0	0	0	1	0	0	0	1	1	0	1
7314	MIERLO	603	56187409	514433911	7	11	0	1	1	1	1	1	0	0	1	1	0	1	0	1	0	1	0	0	1	0
7315	MIERLO	633	56203440	514380486	13	43	1	1	1	0	1	0	0	0	0	0	1	0	0	0	1	0	0	0	0	0
7316	MIERLO	605	56255323	514422893	13	33	0	0	1	1	1	0	1	1	0	1	1	0	1	1	0	0	0	0	0	1
7355	STERKSEL	156	56250709	513603305	9	23	1	0	0	1	0	0	1	0	1	0	0	0	1	0	0	0	1	1	0	1
7357	STERKSEL	156	56250709	513603305	8	29	0	1	1	1	1	0	1	1	1	1	0	1	0	0	0	0	0	0	0	1
7359	STERKSEL	156	56250709	513603305	6	19	1	0	1	1	0	0	1	1	0	0	1	1	0	1	1	0	0	0	1	0
7365	STERKSEL	156	56250709	513603305	10	25	0	1	1	0	1	1	1	1	0	0	1	0	1	0	1	0	0	0	0	1
7370	STERKSEL	156	56250709	513603305	8	15	0	1	0	1	0	1	1	1	1	0	1	1	1	1	1	0	0	1	1	1
7371	STERKSEL	156	56250709	513603305	10	11	0	1	1	1	1	1	0	0	1	1	1	1	0	0	0	0	0	0	1	0
7372	STERKSEL	156	56250709	513603305	9	7	1	0	1	0	0	1	0	0	1	1	1	1	1	1	1	0	0	0	1	0
7373	STERKSEL	156	56250709	513603305	12	11	1	0	1	0	1	0	0	0	0	0	0	1	1	0	0	0	0	0	1	1
7374	SOMEREN	978	57279824	513669394	11	9	0	1	0	0	1	0	0	1	1	0	1	0	1	0	0	1	1	1	0	0
7424	SOMEREN	1010	57304212	513564900	12	8	0	0	1	0	0	0	1	1	0	1	0	1	1	0	0	1	1	1	1	1
7430	LIEROP	1087	56780122	514199592	12	20	1	0	1	1	0	0	1	1	0	0	0	0	1	0	0	0	0	0	0	0
7437	MIERLO	675	56174012	514477414	6	17	0	0	1	1	1	0	1	0	1	0	0	1	0	0	1	0	1	0	0	1
7472	LIEROP	1088	56803100	514507567	6	10	0	1	0	1	0	1	1	0	0	0	1	0	1	1	1	0	0	1	0	1
7477	MIERLO	615	56249605	514407039	8	12	1	0	1	0	0	1	1	0	1	1	0	1	0	0	1	0	0	1	0	0
7480	BUDEL	384	55632729	512679441	10	9	1	1	1	0	0	0	1	0	1	1	0	1	0	0	0	1	0	0	1	0
7492	MAARHEEZE	488	56295706	513089704	10	28	0	0	0	1	0	1	1	1	0	0	0	0	1	1	1	1	0	0	0	0
7505	SOMEREN	948	57327085	513622185	12	7	1	1	1	1	1	0	1	1	1	0	1	0	1	0	0	0	1	0	0	1
7541	BUDEL-SCHOOT	364	55658565	512519344	12	31	1	0	1	0	0	0	1	0	1	0	0	0	0	0	0	0	0	0	0	1
7610	SOMEREN	1026	57257785	513293978	7	18	1	0	1	0	1	1	1	0	1	0	0	1	0	1	0	1	0	1	1	0
7617	MAARHEEZE	244	56167717	513111735	6	17	0	1	1	0	1	1	0	1	1	1	0	0	1	0	1	1	0	1	0	1
7618	MIERLO	651	56219321	514462867	8	10	0	0	1	1	1	0	0	0	1	1	0	1	0	0	1	0	1	0	0	0
7646	SOMEREN-EIND	981	57279824	513669394	7	8	1	0	1	1	1	0	1	0	1	0	1	0	1	1	0	0	1	0	0	1
7694	SOMEREN	1080	57375883	513616048	6	13	1	1	0	1	1	1	1	0	1	1	0	1	0	0	1	0	0	1	1	0
7706	AARLE RIXTEL	52	56458187	515042843	13	14	1	0	0	1	1	1	1	0	1	0	0	0	0	1	0	1	0	0	1	1
7709	SOMEREN-EIND	934	57379364	513595172	12	24	1	1	0	0	1	0	1	1	0	0	1	0	0	1	1	1	0	1	1	0
7714	MIERLO	618	56229003	514450809	12	15	0	1	0	1	1	1	0	1	1	0	0	1	1	1	0	0	1	0	1	1
7720	SOMEREN-EIND	953	57334265	513611004	8	25	0	0	1	1	1	1	1	0	1	1	0	1	1	1	0	1	0	1	0	1
7730	MIERLO	631	56203440	514380486	6	17	1	1	0	0	0	1	0	1	1	1	1	0	1	0	0	1	0	1	1	0
7740	BUDEL	397	55768490	512663439	6	13	0	1	0	1	1	0	0	0	0	1	0	0	1	0	0	1	1	1	1	1
7747	SOMEREN	1091	56934840	513506895	12	24	1	0	0	1	1	1	0	1	0	1	1	1	1	1	1	1	1	1	1	0
7753	SOMEREN-HEIDE	1018	56960518	513505391	12	9	1	0	1	1	0	1	1	1	1	1	1	0	1	0	1	0	0	0	0	1
7772	MAARHEEZE	286	56343016	513026712	12	11	1	0	0	1	1	0	0	0	0	0	0	0	1	1	1	1	1	0	1	0
7774	MAARHEEZE	286	56343016	513026712	8	12	1	0	1	0	0	0	0	0	1	0	0	1	1	0	0	1	1	1	0	0
7791	LIEROP	1065	56820350	514199931	11	18	1	1	0	1	1	1	1	1	1	0	1	0	1	1	1	1	1	0	1	0
7814	STERKSEL	102	56167503	513525558	12	29	0	0	0	1	1	1	0	0	1	1	0	1	1	1	0	1	1	1	1	0
7867	DE RIPS	122	58130295	515474194	6	8	0	1	0	1	0	1	1	1	0	0	1	0	1	0	1	1	0	1	0	0
7941	SOERENDONK	203	55885334	513036583	6	11	0	0	1	0	1	0	0	0	1	1	1	1	0	1	0	0	1	1	1	0
7953	BUDEL	349	55732956	512718142	6	16	1	1	1	1	0	1	0	1	1	1	1	1	1	0	0	1	1	1	0	0
7979	SOMEREN	938	57186528	513785497	11	22	1	1	0	0	0	1	0	1	1	1	1	1	1	0	1	1	0	1	1	0
7980	SOMEREN-EIND	1038	57055223	513549911	9	14	0	0	0	0	0	0	1	0	1	1	1	0	0	0	0	0	0	1	0	0
8030	SOERENDONK	206	55739525	512968248	13	11	0	1	1	1	1	0	0	0	0	1	0	1	1	0	0	1	0	0	0	1
8033	SOMEREN	1066	57309999	513747137	7	17	0	1	0	0	1	0	1	1	0	0	0	0	1	0	0	1	0	0	1	1
8131	SOMEREN	987	57070533	513678728	12	26	1	0	1	1	1	1	0	1	0	0	1	0	0	1	0	0	0	0	0	0
8141	BUDEL	361	55732956	512718142	10	32	1	1	1	0	0	1	0	1	0	1	0	1	0	0	0	1	1	0	0	0
8188	SOMEREN-EIND	1002	57351485	513586310	5	12	1	0	1	0	1	1	1	1	0	1	0	1	0	0	0	1	0	0	0	0
8201	MIERLO	604	56255323	514422893	11	9	1	0	1	0	1	0	0	0	0	1	0	0	1	0	1	1	1	1	1	0
8202	MIERLO	592	56072436	514397165	7	19	0	1	0	0	0	0	1	1	0	1	0	1	1	0	1	1	1	1	1	0
8211	SOERENDONK	535	55728945	513034636	6	13	0	1	0	0	1	1	1	0	1	1	1	0	0	1	0	0	0	0	1	1
8233	SOMEREN-EIND	943	57242980	513743425	13	37	0	1	1	1	0	1	1	0	1	1	0	0	0	1	1	0	1	0	0	1
8234	MIERLO	626	56301565	514469062	7	14	0	0	0	1	1	0	0	0	1	0	0	0	1	1	1	0	1	1	1	1
8244	BUDEL	516	55688002	512776090	13	19	0	1	0	1	0	1	0	0	1	1	1	1	0	1	1	1	0	0	1	1
8269	SOMEREN	995	57259175	513765361	12	10	0	0	1	1	1	0	1	0	0	0	0	0	0	1	1	1	1	1	1	1
8272	SOMEREN-EIND	1083	57379879	513621564	12	20	0	0	1	0	1	0	0	0	1	0	0	0	1	1	1	1	1	1	1	1
8290	MIERLO	644	56219321	514462867	6	6	1	1	1	1	1	1	0	0	0	1	1	1	1	1	1	0	0	1	1	0
8316	HELENAVEEN	900	59217110	513938866	10	25	0	0	0	1	0	1	0	1	0	1	0	0	1	0	1	1	1	1	0	1
8319	SOERENDONK	189	55603403	512922293	12	36	0	1	1	1	1	1	1	0	1	1	1	1	0	1	1	1	0	1	1	1
8327	BUDEL-SCHOOT	429	55681820	512426520	9	25	1	0	0	1	1	1	1	1	1	1	0	0	0	0	0	1	0	1	0	1
8331	ASTEN	779	57474172	514116147	5	6	1	1	1	1	0	0	0	1	0	0	1	0	1	0	0	1	1	0	1	0
8333	ASTEN	813	57884065	513962256	10	8	1	1	0	1	1	0	0	0	1	1	0	0	1	0	1	0	1	1	1	1
8361	MAARHEEZE	223	56030207	513157805	11	20	1	0	1	1	1	1	1	0	0	0	0	1	1	1	1	1	1	0	1	1
8363	SOMEREN	1055	56768255	513526373	11	7	1	1	1	0	1	0	0	0	1	1	0	1	1	0	0	1	0	0	1	0
8365	MAARHEEZE	446	56240126	513128826	10	14	0	0	0	0	0	1	0	1	1	0	1	0	0	0	0	1	1	1	1	1
8368	SOERENDONK	270	55824765	513056094	7	5	0	1	1	1	0	0	1	0	0	1	0	1	0	1	1	0	1	1	0	1
8369	BEEK EN DONK	126	56294362	515404944	6	19	0	1	1	1	0	1	0	0	0	1	1	1	0	1	0	1	1	1	0	1
8409	AARLE RIXTEL	111	56357593	515091919	5	8	1	1	1	0	1	0	0	1	0	1	1	0	0	0	1	1	0	1	0	1
8410	BUDEL	449	55775702	512754138	7	17	0	0	1	1	1	0	0	1	1	1	1	0	0	1	0	1	0	0	0	0
8412	GASTEL	419	55535058	512840788	12	5	1	0	1	0	1	0	0	0	0	1	1	1	0	0	1	0	0	1	1	1
8413	SOERENDONK	186	55732337	513005525	10	22	1	0	0	0	1	0	0	0	0	1	0	1	1	1	1	1	1	0	0	1
8414	BUDEL-SCHOOT	370	55611499	512491362	7	21	1	0	0	1	0	0	1	0	0	1	1	1	1	0	1	1	1	1	0	0
8418	MAARHEEZE	280	56132713	513114693	12	35	0	0	1	1	1	1	0	1	1	0	0	0	1	1	0	1	0	1	0	1
8435	DEURNE	909	57986492	514625535	8	28	1	0	1	1	1	0	1	0	0	1	0	1	0	1	1	1	1	1	1	0
8444	BAKEL	124	57438342	515006091	9	29	0	1	1	0	1	0	0	0	1	1	0	0	1	0	1	1	0	0	1	1
8492	DE RIPS	120	58012390	515406197	10	14	0	1	1	1	1	1	1	1	1	0	0	0	1	0	0	0	0	0	0	0
8497	ASTEN	750	57416531	514012213	8	5	0	0	0	1	1	0	1	1	0	0	0	1	1	0	0	1	0	0	0	0
8584	SOMEREN	1081	57387299	513631809	10	12	1	0	1	0	0	0	0	0	0	1	0	1	1	0	1	1	1	1	1	1
8607	MIERLO	653	55849626	514330800	10	7	0	0	0	0	0	0	0	0	1	1	0	0	1	0	0	1	1	1	1	0
8669	BEEK EN DONK	139	56288712	515418378	9	13	1	0	1	1	0	0	1	1	1	0	1	1	0	0	1	1	1	0	0	0
8699	DEURNE	881	58546113	514753988	11	23	1	0	0	1	1	1	1	0	1	1	1	0	1	0	0	0	1	1	1	0
8942	MILHEEZE	151	57902936	515083553	12	35	0	1	1	1	1	0	0	0	1	0	1	1	0	0	1	0	1	0	1	1
8971	HEUSDEN GEM ASTEN	831	57561496	513626531	9	13	0	1	0	0	0	1	0	1	0	0	1	1	0	0	0	0	0	0	0	1
8983	DEURNE	916	57763977	514658013	11	18	1	0	0	1	0	1	0	1	0	0	1	0	1	0	0	0	0	0	0	0
9016	BEEK EN DONK	146	56444333	515212320	13	38	0	0	1	1	0	1	1	0	1	0	1	1	0	1	1	0	1	0	0	1
9490	BAKEL	125	57332032	514978468	6	12	0	0	0	1	1	1	1	0	0	0	1	1	1	0	1	1	0	0	0	1
14927	DEURNE	875	58064245	514365093	11	12	0	1	1	0	0	0	1	0	1	0	0	1	0	1	1	1	0	1	1	1
14930	SOMEREN	1029	57245095	513367630	7	11	0	0	1	1	0	0	0	0	1	0	0	0	1	0	1	1	0	0	1	0
15031	DEURNE	845	58062651	514847576	7	5	0	1	1	0	1	1	0	0	1	1	1	1	1	0	1	1	0	1	0	1
15074	MAARHEEZE	486	56295706	513089704	10	30	1	1	0	1	1	1	0	0	1	1	0	0	0	1	0	0	1	0	1	0
15093	BEEK EN DONK	82	56336713	515454501	12	32	1	1	0	0	1	1	1	0	0	0	0	1	1	0	0	1	1	1	1	0
15142	BUDEL	391	55768490	512663439	6	13	0	0	0	1	1	1	1	0	1	1	0	0	0	1	0	1	0	1	0	1
15168	ASTEN	728	57498607	514172242	5	19	1	1	0	1	0	0	0	1	1	1	1	0	0	1	1	1	1	0	0	1
15180	SOMEREN	1035	57225887	513602379	11	8	1	0	1	1	1	0	1	1	0	1	1	0	0	1	0	1	0	1	1	0
15265	ASTEN	838	57367529	514067595	12	9	0	0	1	0	0	1	1	1	0	0	0	1	1	0	1	1	1	0	0	1
15272	SOERENDONK	272	55817686	513052828	10	27	0	0	0	0	0	1	1	0	1	1	0	0	1	1	1	1	0	1	0	0
15426	BUDEL	542	55793561	512695857	8	10	1	0	1	1	1	0	1	1	1	1	0	0	1	1	0	1	0	0	1	0
15458	BUDEL	339	55766409	512735769	12	18	0	1	0	1	1	1	0	1	0	0	0	1	0	1	0	0	0	0	1	0
15487	SOERENDONK	190	55603403	512922293	13	36	1	1	1	0	1	0	1	1	0	0	1	1	1	1	0	0	1	0	0	0
15631	MIERLO	670	56148214	514471962	10	22	0	1	0	1	0	1	1	1	0	0	0	0	0	1	0	1	0	1	1	0
15674	MIERLO	656	56313818	514528653	7	11	0	0	0	0	0	0	0	0	1	1	0	0	0	1	0	1	1	1	1	1
15760	BUDEL	170	55718302	512652154	10	13	1	0	1	1	0	1	0	1	0	1	0	1	0	1	0	0	1	1	1	0
15767	MAARHEEZE	487	56290826	513090519	10	30	0	0	0	0	1	0	1	0	1	1	1	0	1	0	1	0	1	0	0	0
15825	BUDEL-SCHOOT	580	55668123	512545421	11	19	0	1	0	1	1	0	0	1	1	1	0	1	1	0	1	0	0	1	0	0
15911	SOMEREN	1016	56960518	513505391	10	28	0	1	1	0	1	0	1	1	0	0	1	1	1	1	1	0	0	0	1	1
15940	BUDEL	530	55770815	512707654	12	25	1	0	0	0	0	1	1	0	1	1	1	0	1	1	0	1	0	1	1	0
15945	HEUSDEN GEM ASTEN	769	57641411	513836848	8	22	1	0	1	0	0	0	0	0	1	0	0	1	1	1	1	0	0	0	0	0
15958	DEURNE	879	58163539	514383851	10	15	0	1	0	0	0	0	0	1	1	1	0	1	0	0	0	1	1	0	1	1
16062	DEURNE	876	57910782	514612447	10	29	0	0	1	0	1	1	1	0	1	1	0	1	0	0	0	1	1	1	1	1
16067	DEURNE	921	57901448	514375546	10	9	1	0	0	1	0	0	0	1	0	1	0	0	0	0	1	0	1	0	0	0
16093	SOMEREN	1000	57356996	513580163	11	21	1	0	1	0	0	0	0	1	0	1	0	0	0	0	0	0	1	1	1	1
16132	SOMEREN-HEIDE	1021	57000244	513495992	13	35	1	0	1	0	0	1	0	1	1	1	1	0	1	1	1	0	1	1	0	0
16326	ASTEN	708	57496736	514138520	12	6	0	1	1	0	1	0	1	0	0	1	0	0	0	0	1	0	1	0	0	1
16472	MARIAHOUT	160	55819015	515380047	7	12	0	1	1	1	1	0	1	1	0	1	1	1	0	0	0	1	1	0	0	0
16575	MAARHEEZE	501	56295706	513089704	8	15	0	1	1	1	0	0	1	1	1	1	0	1	0	1	0	1	0	0	1	0
16580	SOERENDONK	201	55892303	513040510	7	12	0	1	0	0	1	0	1	0	1	0	1	1	0	0	0	1	0	1	0	1
16607	BUDEL DORPLEIN	557	55681820	512426520	13	35	0	1	0	0	1	1	0	1	1	0	0	1	1	1	0	0	1	0	0	1
16661	LIESSEL	887	58273442	514070576	6	16	0	1	1	1	1	0	0	0	0	0	0	1	1	1	0	0	1	0	1	0
16673	HEUSDEN GEM ASTEN	772	57646927	513825233	5	13	0	0	0	0	0	1	1	0	0	0	0	0	1	1	1	0	1	1	0	1
16697	BUDEL-SCHOOT	401	55761903	512521309	11	30	1	1	0	0	1	0	0	0	1	0	0	1	0	1	1	0	1	0	1	0
16759	SOMEREN	1037	57057246	513551570	10	22	1	0	1	1	0	1	0	1	0	1	1	0	1	1	0	0	1	1	1	1
16908	MAARHEEZE	492	56295706	513089704	13	7	1	1	0	0	1	0	0	0	1	0	1	1	1	1	0	1	0	0	0	0
16919	MAARHEEZE	490	56295706	513089704	11	21	0	0	1	0	1	0	1	1	1	0	1	0	0	1	1	0	0	1	1	0
16960	STERKSEL	156	56250709	513603305	12	7	0	1	0	0	0	0	0	1	1	0	0	0	0	0	1	1	0	0	0	1
17095	BUDEL	328	55836391	512679827	8	28	1	0	0	0	0	1	0	0	0	1	0	1	1	1	0	0	1	0	1	0
17201	BUDEL	418	55890429	512785600	9	11	0	1	0	1	1	1	1	1	1	1	0	1	0	0	1	1	1	0	1	0
17262	BUDEL	176	55879782	512565279	11	26	1	1	1	1	0	0	1	0	0	1	0	1	0	1	0	1	1	0	0	1
17379	SOMEREN-EIND	1085	57297805	513678558	9	6	0	1	1	0	1	1	1	0	0	1	1	0	0	0	0	0	0	0	0	0
17439	BEEK EN DONK	145	56444333	515212320	12	34	0	1	1	1	0	0	1	1	1	0	1	1	0	1	0	1	1	1	0	0
17541	ASTEN	747	57425197	514099993	11	25	1	0	1	1	0	1	1	1	0	0	0	1	0	0	1	1	0	1	0	1
17665	SOMEREN	999	57357891	513579183	11	32	1	0	0	0	1	0	1	1	1	0	1	1	0	0	1	1	0	1	0	1
17714	DEURNE	859	57935809	514586412	6	19	1	0	0	1	1	1	0	1	1	1	1	1	0	1	0	1	1	1	1	1
17733	DEURNE	926	57963299	514482197	10	7	0	0	0	0	0	1	0	0	1	1	0	0	0	0	1	1	0	0	1	1
17907	BUDEL	522	55673202	512658858	8	26	1	1	0	0	0	0	1	0	0	0	1	0	0	1	0	1	0	1	1	0
17957	DEURNE	860	57821417	514551402	9	12	0	0	1	0	1	0	0	0	1	1	0	0	0	0	0	0	1	0	0	1
17969	BUDEL	320	55754213	512745760	5	6	0	0	0	1	0	0	1	0	0	1	1	1	0	1	0	0	0	0	1	0
18006	ASTEN	810	57447773	514127200	11	37	0	1	0	1	1	0	1	1	1	0	0	1	1	0	0	1	0	1	0	0
18009	ASTEN	810	57447773	514127200	7	13	0	0	0	1	1	0	0	1	1	1	0	0	1	0	0	1	1	0	0	0
18283	NEERKANT	929	58655308	513660095	8	7	1	1	0	1	0	0	1	1	1	0	1	0	0	0	0	1	1	1	0	1
18715	BEEK EN DONK	71	56331410	515291395	12	9	1	1	1	1	0	0	1	1	0	1	0	0	1	1	1	1	0	0	0	0
18716	MARIAHOUT	19	55826351	515305370	10	18	1	0	1	1	0	1	0	1	1	1	0	1	0	0	1	0	0	0	1	1
18720	LIESSEL	923	58170894	514129796	10	20	0	1	0	0	0	0	0	1	1	0	1	0	1	1	0	1	1	1	0	1
18835	SOMEREN	1028	57250171	513338169	7	21	1	1	1	1	1	0	0	0	1	1	1	1	0	0	0	0	1	0	0	1
18837	SOMEREN	1070	57159545	513779717	11	13	1	0	1	0	0	1	1	0	1	1	0	0	1	1	1	1	0	1	1	0
18872	MAARHEEZE	224	56113773	513135641	9	20	1	0	0	1	1	0	0	0	1	0	1	0	1	1	1	1	0	1	1	0
18887	HEUSDEN GEM ASTEN	770	57641411	513836848	7	19	1	0	0	0	1	0	0	0	1	0	0	0	0	1	1	0	1	1	0	0
18963	DEURNE	878	58058617	514510208	8	22	1	1	1	1	1	1	0	0	1	0	1	0	1	1	0	1	1	1	0	1
18967	SOMEREN	1051	57171888	513462257	9	8	1	0	0	0	1	1	1	1	1	1	1	0	0	0	1	1	1	1	0	1
18996	MILHEEZE	165	57691698	514906610	7	7	0	1	1	1	1	0	0	0	0	1	0	1	1	1	1	1	1	1	1	0
19000	SOMEREN-HEIDE	1043	56930882	513289704	11	34	0	0	0	1	0	0	1	1	1	0	1	1	1	1	0	1	1	0	0	0
19087	GASTEL	193	55569436	512848953	6	20	1	0	1	1	1	0	1	1	0	0	0	0	0	1	0	0	1	0	1	0
19155	BUDEL	467	55370704	512824167	8	13	1	1	1	0	1	0	0	0	1	1	1	1	1	0	0	0	0	0	0	1
19168	DEURNE	905	57951235	514638623	5	8	1	0	1	1	0	0	1	0	1	0	0	1	0	1	0	1	0	0	0	0
19186	BAKEL	62	57408854	515050352	7	25	0	1	1	0	1	1	0	0	1	0	0	1	0	0	1	0	1	1	0	1
19375	MIERLO	656	56313818	514528653	12	21	0	1	0	0	1	1	0	0	1	1	0	1	1	0	1	0	1	1	0	1
19377	BUDEL	532	55584073	512724292	11	6	1	0	1	0	0	0	1	0	0	1	1	1	1	1	0	0	1	1	0	0
19441	DEURNE	907	57924953	514517744	6	8	1	0	1	1	0	0	0	0	0	1	1	0	1	1	1	0	1	0	1	0
19473	STERKSEL	28	56001337	513562615	8	7	1	1	1	1	1	1	0	1	1	1	0	1	1	0	1	0	0	0	1	0
19546	SOERENDONK	269	55824765	513056094	11	8	0	1	0	1	0	1	1	0	0	0	0	0	1	1	1	1	0	0	1	0
19697	BUDEL	431	55746076	512629082	13	22	0	1	0	0	0	1	1	1	1	1	1	1	0	1	0	0	1	1	0	1
19770	AARLE RIXTEL	109	56431523	515061836	10	8	0	0	1	0	1	1	0	0	0	0	0	0	0	0	0	0	1	0	0	1
19836	MAARHEEZE	249	56151535	513098100	8	9	1	1	0	1	0	0	1	0	1	1	0	0	1	1	1	0	0	1	1	1
19950	BEEK EN DONK	99	56334409	515445511	11	37	0	0	1	1	1	0	1	0	1	0	1	0	0	1	0	0	1	0	0	1
19987	BUDEL	448	55775702	512754138	9	16	1	1	0	0	0	1	0	0	0	1	0	1	0	1	1	0	0	1	1	0
20010	BUDEL	386	55779648	512652084	12	30	1	1	1	0	1	0	1	0	0	1	1	0	0	1	0	0	1	1	1	1
20215	MAARHEEZE	497	56295706	513089704	13	24	0	0	0	0	1	0	0	0	1	0	1	0	1	0	1	0	1	0	1	0
20231	SOERENDONK	271	55824765	513056094	9	12	1	0	0	1	0	0	0	0	1	0	1	0	1	0	1	1	0	1	1	0
20255	ASTEN	832	57438319	514048144	10	5	0	1	0	1	0	0	1	0	1	0	1	1	1	1	1	0	0	1	1	1
20328	SOMEREN	1078	57374456	513614078	11	35	0	0	1	1	1	1	0	1	0	1	0	1	1	0	1	0	0	0	0	0
20412	SOMEREN-EIND	954	57320803	513631968	7	24	0	0	1	0	0	0	1	0	1	1	1	1	0	1	0	0	1	0	1	1
20419	ASTEN	792	57511605	514054958	9	19	0	1	1	0	0	0	1	0	1	0	0	0	0	0	1	0	0	0	0	0
20453	ASTEN	731	57623876	514135824	5	20	0	0	0	1	1	1	0	1	1	1	1	0	1	1	1	1	0	0	0	1
20457	ASTEN	731	57623876	514135824	11	15	0	1	1	0	0	0	0	0	1	0	0	1	1	0	0	1	1	0	0	1
20512	MAARHEEZE	222	56054851	513144469	8	24	0	1	1	1	1	0	1	1	1	0	0	0	0	1	1	1	0	1	0	1
20533	HEUSDEN GEM ASTEN	691	57698117	513595234	9	29	1	1	0	1	1	0	0	1	0	1	0	0	0	1	1	0	0	1	0	1
20621	BUDEL	338	55993930	512596465	13	28	1	0	1	1	1	0	0	0	1	1	1	0	0	1	1	1	1	1	1	1
20690	SOERENDONK	202	55885334	513036583	12	21	0	0	0	0	1	0	0	0	1	1	1	1	1	0	0	1	1	1	0	1
20793	BUDEL	331	55994627	512627298	13	18	0	1	1	1	0	1	1	1	0	0	0	1	1	0	1	0	0	0	0	0
20844	DEURNE	874	57938642	514498084	11	14	0	0	1	1	0	1	0	1	0	1	1	1	0	0	1	1	0	0	0	1
20963	ASTEN	740	57448518	514119630	12	14	0	0	1	1	0	0	0	1	1	0	0	1	1	0	1	0	1	1	0	0
21064	LIESHOUT	14	55928772	515179963	10	33	0	0	0	1	0	1	1	1	0	0	1	1	1	0	0	0	0	0	0	0
21094	SOMEREN	1059	57428964	513370346	8	20	0	1	0	1	1	0	0	0	0	0	1	0	0	1	1	1	1	1	0	0
21147	DE RIPS	43	58147291	515512354	9	23	0	1	1	0	1	0	0	1	0	0	0	0	1	1	0	0	0	1	0	0
21179	STERKSEL	42	56432534	513604892	11	13	1	1	0	1	0	1	1	0	0	1	1	0	0	1	1	0	1	0	1	1
21276	BUDEL	333	56003022	512570718	7	11	1	0	1	0	0	1	0	0	0	0	1	0	0	1	1	0	0	0	0	1
21297	ASTEN	823	57474842	514152798	7	5	1	0	0	0	0	1	1	0	1	1	0	1	0	1	0	1	1	0	0	1
21300	ASTEN	784	57474172	514116147	13	19	1	0	0	1	0	0	0	0	1	1	0	0	1	0	1	1	0	1	1	1
21335	MAARHEEZE	507	56360327	513057783	7	15	0	1	1	1	1	1	1	1	0	1	1	0	0	1	0	1	1	1	0	0
21343	MAARHEEZE	482	56295706	513089704	13	25	1	1	1	1	0	0	1	0	0	0	1	1	1	1	0	0	0	1	0	0
21589	MILHEEZE	123	57751433	515027168	8	28	1	1	1	1	1	0	1	0	1	1	0	0	0	1	1	1	1	1	1	1
21701	BUDEL	215	55956402	512621287	7	21	0	0	1	1	1	1	0	1	1	0	1	1	1	1	1	1	0	0	0	0
21807	BUDEL	334	56003022	512570718	10	31	1	0	0	1	0	0	1	1	1	0	1	1	0	0	0	0	1	0	1	1
21839	AARLE RIXTEL	107	56466666	515116249	11	24	0	1	0	1	1	0	0	1	0	0	0	0	0	0	0	1	1	1	0	1
21967	MAARHEEZE	247	56151535	513098100	10	28	1	0	1	1	1	1	0	1	1	1	0	1	0	1	1	1	1	1	1	0
22147	ASTEN	783	57474172	514116147	12	30	0	0	0	0	1	1	0	0	1	0	1	0	1	0	0	0	0	1	0	0
22171	BUDEL	310	55722683	512737991	11	14	1	0	1	1	1	1	0	1	1	0	1	0	1	0	0	0	0	0	1	0
22184	MAARHEEZE	495	56291436	513090417	7	17	1	1	1	0	0	1	0	0	1	0	0	0	1	1	0	0	0	1	1	0
22253	HEUSDEN GEM ASTEN	803	57654970	513765077	6	19	0	0	0	1	0	0	1	1	0	1	0	1	0	1	1	1	1	1	0	0
22296	SOERENDONK	374	55802325	513039659	12	10	0	0	1	1	0	1	1	1	0	0	0	1	0	1	1	0	0	0	0	1
22341	MARIAHOUT	4	55729329	515394533	7	24	0	0	0	0	1	1	1	0	0	1	0	1	0	0	1	1	0	1	0	0
22342	BUDEL	327	55832309	512682181	11	23	0	1	0	0	0	0	1	0	1	1	1	0	1	0	0	0	0	1	1	0
22483	SOMEREN	947	57336509	513607511	10	26	0	0	1	0	0	0	0	0	0	0	0	0	1	1	0	1	1	0	1	0
22704	MAARHEEZE	497	56295706	513089704	12	19	0	1	1	1	1	1	1	0	1	0	1	1	0	1	0	0	1	1	1	0
22751	SOMEREN	1045	56777825	513586629	11	7	0	1	0	0	1	0	0	1	1	0	1	1	1	1	1	1	0	0	1	0
22771	ASTEN	821	57490218	514164314	8	26	0	0	1	1	0	0	0	1	0	0	0	0	0	0	1	0	1	1	1	0
22825	MIERLO	627	56251382	514340187	6	7	1	0	1	0	0	1	1	0	0	0	1	1	0	1	1	0	1	0	1	1
23037	SOMEREN	939	57186528	513785497	9	6	1	1	1	1	1	1	0	1	1	0	1	0	1	0	0	0	0	1	1	1
23070	BUDEL	167	55815034	512725843	12	7	0	1	0	0	1	0	1	1	1	1	1	1	1	0	1	0	1	0	1	0
23086	DEURNE	847	57948797	514640992	8	24	0	0	0	1	0	1	1	0	0	0	1	0	1	1	1	1	1	0	0	1
23106	HEUSDEN GEM ASTEN	800	57648448	513846080	7	24	0	1	1	0	0	0	0	1	1	1	1	0	1	0	0	0	0	1	1	1
23110	MIERLO	620	56200966	514447862	9	28	1	0	1	1	1	1	0	0	1	1	1	1	0	1	1	1	0	1	1	1
23155	MIERLO	636	56265217	514462044	6	14	0	0	1	0	1	1	0	0	0	1	0	1	1	1	1	0	0	0	0	0
23160	LIESSEL	870	58249088	514094573	7	12	0	1	1	1	0	1	1	0	1	0	1	0	0	0	0	0	0	1	0	1
23391	LIEROP	964	56826502	514286557	11	16	1	0	1	1	0	1	1	0	1	1	1	0	0	0	0	1	0	0	1	0
23456	NEERKANT	882	58537934	513877400	13	44	0	1	0	1	1	0	0	0	1	1	1	1	1	1	1	1	0	1	0	1
23590	DEURNE	896	57968519	514538469	11	36	0	0	0	1	1	0	0	1	0	1	1	0	1	1	1	0	0	1	0	0
23596	MAARHEEZE	471	56295706	513089704	9	25	1	0	1	1	1	1	0	0	0	0	0	0	0	0	0	0	0	1	1	0
23621	ASTEN	807	58541393	513760159	7	25	0	1	1	0	1	1	1	0	0	0	0	1	0	0	0	0	0	0	1	0
23702	ASTEN	763	57263675	514093298	11	16	0	0	1	0	1	1	1	0	0	1	0	1	0	0	0	0	0	1	1	0
23726	MIERLO	658	56254026	514405975	11	34	1	0	1	0	1	0	1	1	0	0	0	0	1	1	1	0	0	0	0	0
23728	MAARHEEZE	505	56371939	513033628	8	19	1	0	1	0	0	0	0	0	1	1	0	0	0	1	1	0	1	0	1	0
23795	MIERLO	666	56148214	514471962	11	33	0	1	1	1	1	1	1	0	1	0	1	0	1	1	0	0	1	0	1	0
23810	MAARHEEZE	245	56157251	513122223	12	38	1	0	1	0	0	0	1	0	0	0	1	0	0	0	0	0	1	1	1	0
23852	ASTEN	710	57528266	514127379	9	21	1	0	1	1	0	0	1	0	0	1	0	1	0	1	0	0	1	0	1	1
23862	AARLE RIXTEL	106	56466666	515116249	7	14	1	1	0	0	1	1	0	1	0	0	0	1	1	1	1	1	1	0	0	0
23876	AARLE RIXTEL	55	56563108	515187368	6	17	1	0	1	1	1	0	1	1	0	0	1	1	0	1	1	1	0	1	0	0
23880	SOMEREN	1012	57356327	513549032	8	19	0	1	1	0	0	1	1	0	0	0	0	1	1	1	0	0	1	0	0	0
23890	SOMEREN	979	57279824	513669394	8	11	0	1	1	1	1	0	1	0	1	1	0	0	1	0	1	1	0	1	1	1
23922	SOMEREN	1084	57032356	513793886	6	6	0	1	1	0	1	0	1	0	1	1	0	0	0	1	1	1	1	0	0	1
23955	SOMEREN-EIND	1013	57360184	513560344	8	5	1	0	0	1	0	1	0	0	0	0	1	0	0	0	0	1	1	0	1	0
23982	BEEK EN DONK	64	56297612	515382092	11	30	1	1	0	0	1	0	1	0	1	1	1	1	0	1	1	0	0	1	0	0
23988	BEEK EN DONK	87	56218677	515421448	6	10	1	0	0	0	1	1	1	1	1	0	1	0	1	0	1	0	0	1	0	1
23990	SOMEREN	1023	57377768	513551504	10	26	0	1	0	1	0	1	1	0	1	0	1	0	0	1	0	1	0	0	0	1
24021	MAARHEEZE	262	56172433	513125651	6	11	1	1	0	1	0	0	1	0	0	0	1	1	1	0	0	1	0	1	1	1
24042	DEURNE	853	57808963	514613607	11	36	1	1	1	0	0	0	0	1	0	1	1	0	1	0	1	0	1	1	1	0
24043	MAARHEEZE	500	56295706	513089704	10	30	1	1	0	0	1	1	1	1	1	0	1	0	1	1	1	1	1	1	0	0
24044	ASTEN	744	57448324	514099900	11	12	1	0	1	0	1	1	1	0	0	0	1	0	1	0	1	1	1	0	0	0
24046	ASTEN	744	57448324	514099900	11	18	1	0	1	1	0	1	1	0	1	0	0	0	1	0	0	0	1	1	0	0
24047	SOMEREN	1060	57425256	513459534	8	10	0	0	0	1	1	1	1	0	0	0	0	0	1	1	0	1	0	1	1	1
24078	SOERENDONK	204	55739525	512968248	10	25	1	0	0	0	1	1	0	0	1	0	1	1	1	1	1	0	1	1	1	0
24118	SOMEREN	1032	57080543	513371903	12	25	0	0	0	1	1	0	1	1	0	1	0	0	0	0	1	1	1	0	1	1
24119	BEEK EN DONK	129	56306912	515374796	7	24	1	0	0	0	0	0	1	0	0	1	0	1	1	1	0	0	1	1	0	0
24120	BUDEL	359	55730742	512698822	9	12	1	0	1	1	0	1	0	1	1	0	0	0	0	1	0	1	0	1	1	0
24125	BUDEL-SCHOOT	549	55653205	512480863	8	13	0	0	1	0	0	1	0	0	1	0	0	1	1	0	1	0	1	0	0	0
24162	BUDEL	298	55738253	512736037	6	18	1	1	0	1	0	0	1	0	0	1	1	0	0	0	0	0	1	1	1	0
24163	LIESHOUT	13	55957571	515179229	11	32	0	0	1	1	0	1	0	1	1	0	0	0	0	0	0	0	1	0	0	0
24164	AARLE RIXTEL	163	56389142	515100152	11	33	0	1	1	0	1	0	0	0	0	0	0	0	0	0	1	1	1	0	0	1
24180	MIERLO	614	56098077	514403784	6	19	1	1	0	0	0	0	1	1	0	0	1	0	1	0	1	0	1	1	0	1
24229	DEURNE	856	57907485	514610892	13	39	1	1	1	1	0	0	1	0	0	1	1	0	1	0	0	1	0	0	1	1
24257	BEEK EN DONK	92	56365548	515460807	9	19	0	1	0	1	0	0	0	0	1	1	1	0	0	0	0	0	1	1	1	1
24294	ASTEN	739	57448518	514119630	13	39	0	0	0	0	0	0	0	1	0	0	0	0	1	0	0	0	1	1	0	0
24295	ASTEN	755	57465827	514052611	6	7	0	1	0	0	1	0	1	0	1	1	1	0	1	1	0	1	0	0	0	0
24306	STERKSEL	156	56250709	513603305	5	5	0	1	1	1	0	1	1	0	1	0	0	0	1	1	1	1	1	0	1	0
24322	ASTEN	826	57533188	514165485	9	7	0	1	0	1	0	1	1	0	1	0	1	1	0	1	0	0	1	0	0	1
24330	DEURNE	877	58058617	514510208	7	19	1	0	1	0	0	0	0	0	0	1	1	1	0	1	0	1	1	1	1	0
24358	ASTEN	835	57466578	514090872	6	6	0	1	0	1	1	1	0	1	0	1	0	1	0	0	1	0	1	1	1	1
24389	SOMEREN-EIND	1006	57328535	513559314	12	29	0	0	0	0	0	0	0	1	0	1	0	1	1	0	0	1	1	0	1	1
24449	ASTEN	726	57495412	514164805	9	28	1	1	0	1	0	1	0	1	1	1	0	0	0	0	1	0	0	0	1	1
24461	ASTEN	738	57448518	514119630	8	13	0	1	0	0	1	1	0	0	1	0	1	1	1	0	1	0	1	1	1	1
24528	MIERLO	652	55818308	514320921	10	34	1	1	0	1	1	1	1	1	0	0	0	1	0	0	0	0	1	0	0	0
24590	AARLE RIXTEL	77	56397413	515102050	12	31	1	0	0	0	0	1	1	0	1	1	1	0	0	0	0	0	1	0	1	0
24705	HEUSDEN GEM ASTEN	770	57641411	513836848	5	9	0	1	0	1	1	1	0	1	1	1	0	0	0	1	0	1	1	0	0	1
24822	DEURNE	908	57834351	514535282	10	9	0	1	1	0	1	1	0	1	0	0	1	0	0	1	1	0	0	0	1	0
24882	SOMEREN	984	56982105	513645018	13	30	1	1	0	1	1	0	1	1	0	0	0	1	0	0	0	1	0	0	0	1
25082	ASTEN	819	57522823	514154948	11	38	0	0	0	1	0	1	1	1	0	1	0	0	0	0	0	1	0	1	1	0
25100	BUDEL-SCHOOT	552	55653205	512480863	5	6	1	1	1	0	1	0	0	1	0	1	0	0	1	0	1	1	1	1	1	1
25188	MAARHEEZE	288	56343016	513026712	8	10	0	0	0	0	0	0	0	1	0	1	1	1	1	1	0	1	0	1	1	1
25195	BUDEL	214	55931066	512600108	8	7	0	1	0	0	1	1	0	0	0	1	0	0	1	0	0	1	1	1	0	1
25213	MAARHEEZE	498	56295706	513089704	8	24	0	0	1	1	1	0	1	0	0	0	0	0	0	1	0	1	1	0	1	1
25248	MIERLO	660	56035364	514479174	11	17	0	0	0	0	0	1	1	0	1	1	1	1	1	1	1	0	0	1	1	1
25262	MIERLO	609	56192566	514423267	12	20	1	0	1	0	0	1	1	0	1	0	0	0	1	1	0	1	0	0	1	1
25341	SOMEREN	995	57259175	513765361	6	11	1	1	1	0	1	1	1	1	0	1	0	1	1	0	1	0	1	0	0	0
25465	ASTEN	782	57474172	514116147	9	14	0	0	1	1	1	1	1	0	0	0	0	0	0	0	1	1	0	0	1	0
25505	AARLE RIXTEL	108	56383358	515085415	8	29	0	1	1	1	0	0	1	0	1	1	1	1	0	1	0	1	0	1	0	1
25543	DEURNE	924	57990697	514471076	12	7	1	0	1	1	1	0	1	0	1	0	1	0	0	0	1	0	0	1	1	0
25584	LIEROP	1074	56912229	514334743	7	19	1	1	0	1	1	0	0	1	0	1	1	0	0	1	0	0	0	1	0	1
25586	AARLE RIXTEL	79	56465693	515073001	12	15	1	1	0	1	0	0	0	1	0	1	0	1	1	0	1	1	0	1	0	1
25649	BEEK EN DONK	159	55950760	515398539	6	6	0	0	0	0	1	0	1	0	0	1	1	0	0	0	0	0	0	0	0	1
25678	BUDEL	366	55724200	512637710	7	8	0	0	1	1	1	1	1	0	0	1	1	1	0	0	0	0	1	0	1	0
25704	DEURNE	897	57949050	514620352	8	22	1	0	0	1	0	0	1	0	0	1	1	1	0	0	1	0	0	1	0	1
25743	BEEK EN DONK	63	56293727	515382389	12	18	1	0	0	1	0	0	0	0	1	1	0	0	0	1	0	1	1	0	1	1
25745	ASTEN	1022	56996082	513507723	8	25	1	0	0	1	0	0	0	1	1	1	1	1	0	0	1	1	0	1	0	1
25776	MIERLO	649	56219321	514462867	6	16	1	0	0	1	0	1	1	0	0	1	1	1	1	0	0	0	1	1	1	1
25860	BUDEL	175	55879782	512565279	5	20	1	0	1	1	1	0	0	1	0	0	1	1	0	1	1	0	1	0	0	0
25908	NEDERWEERT	676	57503148	513073594	12	29	1	0	0	0	1	0	0	1	0	0	1	0	0	1	1	1	0	1	0	0
25920	MIERLO	655	56115679	514436443	12	5	1	1	0	1	0	0	0	0	0	0	0	0	0	1	1	1	0	1	0	1
25969	BUDEL	168	55718302	512652154	11	27	1	0	1	1	1	0	0	1	0	0	1	0	0	1	1	0	1	1	0	1
26046	MIERLO	601	56187409	514433911	10	16	1	0	1	0	0	1	1	1	1	1	0	1	1	1	0	0	0	1	0	0
26054	BUDEL	406	55805777	512645048	7	21	1	0	1	0	1	0	0	1	0	1	1	0	1	0	0	1	0	0	0	0
26064	BUDEL-SCHOOT	399	55753389	512555091	5	18	1	1	1	1	0	0	0	1	1	0	0	1	0	1	0	0	0	1	1	1
26070	ASTEN	748	57342358	514015930	6	17	0	0	0	0	0	1	0	0	0	1	0	1	1	0	1	0	0	1	0	0
26079	BUDEL	427	55759716	512735695	9	5	0	0	1	0	1	0	1	0	1	0	1	0	0	0	0	0	1	0	0	0
26190	ASTEN	682	57495065	514030508	11	27	1	0	1	0	1	0	1	1	1	1	1	1	0	1	0	0	0	1	1	0
26241	MAARHEEZE	232	56071576	513090749	6	11	1	0	1	1	0	0	1	1	0	1	0	0	0	0	1	1	1	0	1	1
26243	SOMEREN-EIND	1031	57254231	513314600	9	16	1	1	0	0	0	1	1	1	1	0	0	0	0	1	1	0	1	0	0	0
26248	STERKSEL	156	56250709	513603305	12	28	1	1	1	1	1	0	1	1	0	1	0	1	0	0	1	1	0	1	0	0
26265	OMMEL	812	57490296	514211514	12	27	0	1	0	0	0	0	1	0	0	0	1	1	0	0	1	1	1	1	1	1
26317	DEURNE	920	57914968	514552432	9	21	1	0	1	0	0	1	0	1	0	1	1	1	1	1	1	0	1	0	0	1
26373	VLIERDEN	839	57302267	514419445	7	19	1	1	0	1	0	1	1	1	1	0	1	0	1	1	0	1	1	0	1	1
26401	ASTEN	688	57511518	514029158	5	17	1	0	1	1	0	0	1	0	1	0	1	0	1	0	0	1	1	1	1	0
26414	SOMEREN	1030	57242557	513382360	7	15	1	0	0	0	0	1	1	0	0	1	0	1	0	0	1	0	1	1	1	1
26515	MAARHEEZE	493	56295706	513089704	10	34	1	0	1	0	1	1	0	1	0	1	0	0	1	1	0	0	0	1	0	1
26558	DEURNE	854	57808963	514613607	10	27	1	0	1	0	0	0	0	1	0	0	0	1	0	0	1	1	1	0	1	1
26706	ASTEN	757	57465827	514052611	9	19	1	0	0	0	0	0	1	0	0	0	1	0	1	1	0	1	0	0	0	0
26763	AARLE RIXTEL	75	56397413	515102050	5	7	0	1	1	0	1	0	1	0	1	1	0	0	1	0	0	0	0	1	1	1
26836	MAARHEEZE	483	56295706	513089704	12	30	0	1	1	1	0	1	1	0	0	0	1	0	0	0	1	0	1	1	1	1
26862	ASTEN	753	57441046	514033918	8	6	0	0	1	0	0	1	1	0	1	1	0	1	0	0	0	1	0	1	0	0
27100	SOMEREN	1005	57328535	513559314	9	21	0	1	0	0	0	0	1	0	1	1	0	1	1	1	1	1	0	0	1	1
27124	MIERLO	641	56219321	514462867	9	7	0	0	0	1	1	0	0	0	1	1	1	1	0	1	1	0	1	1	0	1
27137	SOMEREN	967	56741912	513762062	7	18	0	1	0	0	0	1	1	1	0	0	1	1	1	0	1	0	1	0	1	0
27158	DEURNE	858	57892516	514562563	9	25	1	0	1	1	0	0	0	1	1	1	0	0	0	1	1	0	1	1	0	0
27189	STERKSEL	157	56381569	513544292	12	16	1	0	1	0	0	1	1	1	1	0	0	0	1	1	1	1	1	0	0	1
27327	MAARHEEZE	252	56142333	513106798	6	21	1	0	1	1	0	1	1	1	0	0	1	0	1	1	1	1	1	1	0	1
27365	SOMEREN	996	57101417	513729509	8	29	1	1	1	1	1	1	1	1	0	1	0	1	0	0	0	1	0	1	0	1
27465	SOMEREN	1025	57355428	513272337	9	27	0	0	1	0	1	1	0	1	1	0	1	1	0	1	0	0	1	0	1	1
27561	DEURNE	927	58063532	514529655	10	23	1	1	0	1	0	1	0	0	1	1	1	1	0	0	1	1	0	1	0	0
27613	BUDEL	299	55738253	512736037	8	10	0	0	1	0	0	0	0	0	0	0	1	1	0	0	0	0	0	0	0	1
27692	SOMEREN	949	57325514	513624630	7	25	0	1	0	1	1	1	0	0	1	0	1	1	1	0	0	1	0	0	0	1
27700	SOMEREN-HEIDE	1017	56959347	513497087	9	11	1	0	1	1	1	0	0	0	1	0	1	0	1	1	1	1	1	1	0	1
27932	MARIAHOUT	88	55694466	515416748	11	37	1	0	0	1	1	0	1	1	1	1	1	0	1	1	1	0	0	1	0	0
27934	LIESHOUT	9	55944813	515196371	12	25	1	0	0	0	0	1	0	1	1	1	0	0	0	1	0	1	0	1	1	0
27958	LIESSEL	886	58259432	514170826	12	33	1	0	1	1	0	1	1	0	1	1	0	1	0	1	1	1	0	0	0	1
27965	MAARHEEZE	502	56295706	513089704	7	12	1	0	0	1	0	1	0	1	1	0	0	1	0	0	1	0	1	1	0	0
28007	ASTEN	815	57548985	513987983	12	34	1	1	1	1	0	0	1	1	0	1	1	0	1	0	0	1	0	1	0	0
28022	NEERKANT	883	58689571	513700936	11	15	1	0	1	1	0	0	1	1	0	0	1	0	0	0	0	1	1	1	0	1
28043	BEEK EN DONK	140	56288712	515418378	8	7	0	0	1	0	0	0	1	1	1	1	0	0	1	1	1	0	1	1	1	1
28061	MIERLO	672	56151711	514456558	7	24	0	1	0	0	0	0	1	1	0	0	0	0	1	1	1	1	0	0	0	0
28082	MAARHEEZE	254	56129835	513099493	10	16	1	1	0	1	0	1	1	1	1	1	0	0	1	1	1	1	1	1	1	0
28125	GASTEL	198	55555624	512849711	10	10	1	1	0	0	0	0	0	0	0	0	1	1	1	1	1	0	1	0	1	1
28198	HEUSDEN GEM ASTEN	791	58113887	513709879	7	10	0	1	0	0	1	0	0	1	1	0	1	0	0	0	0	0	0	0	0	1
28289	BUDEL	517	55704940	512743410	7	18	0	1	1	1	0	1	1	1	0	0	1	1	1	0	0	0	0	1	1	1
28315	SOERENDONK	574	55787777	512991192	12	10	0	0	1	0	1	0	0	1	0	1	0	1	1	0	0	0	0	0	0	0
28367	MILHEEZE	166	57701391	515021953	10	18	0	1	0	0	1	1	0	1	1	0	0	1	1	1	1	1	1	0	1	1
28495	MAARHEEZE	291	56371939	513033628	10	27	1	0	1	1	0	0	1	1	1	0	1	1	0	0	0	1	1	1	1	0
28516	MAARHEEZE	503	56295706	513089704	7	8	0	0	0	1	1	0	0	1	1	1	1	1	0	1	1	0	1	0	1	0
28517	ASTEN	726	57495412	514164805	8	6	0	0	1	0	1	0	1	1	0	1	0	1	1	0	1	1	1	0	1	0
28546	AARLE RIXTEL	112	56351319	515119245	13	27	0	0	0	1	0	1	0	1	1	0	0	0	0	1	1	1	0	1	1	1
28702	ASTEN	735	58393872	513892888	8	16	1	1	0	1	0	0	0	1	1	0	1	0	1	1	1	0	1	1	0	1
28784	MAARHEEZE	473	56295706	513089704	10	16	1	0	1	1	1	1	1	0	0	0	0	1	1	0	1	0	1	1	0	0
28819	BUDEL	350	55733169	512720364	5	11	1	1	0	0	0	1	1	1	1	0	1	1	1	1	0	0	1	0	1	1
28825	BUDEL	379	56228787	512998093	10	25	1	0	0	1	0	1	0	1	0	0	0	1	0	0	1	1	0	0	1	1
28899	MAARHEEZE	285	56343016	513026712	12	12	0	0	0	1	1	0	1	1	0	1	1	1	0	1	0	0	1	1	1	0
28985	DEURNE	848	57931314	514896984	9	19	1	0	0	1	0	0	1	0	0	0	1	0	0	0	0	0	0	1	0	1
28987	BEEK EN DONK	142	56288712	515418378	9	8	0	0	1	0	1	1	1	1	0	1	1	0	0	0	0	1	1	0	0	1
29032	MAARHEEZE	481	56295706	513089704	6	12	0	1	1	1	1	0	0	1	1	0	0	0	1	0	0	0	0	1	1	0
29035	GASTEL	455	55589828	512880954	13	9	0	1	1	1	0	1	1	0	0	0	0	1	1	0	0	1	1	0	0	0
29087	SOMEREN	980	57284658	513664885	8	14	0	0	0	0	1	1	0	0	0	0	0	0	1	1	1	0	0	0	1	0
29175	SOMEREN	1041	56930882	513289704	8	11	1	0	1	1	0	0	0	1	1	0	0	1	1	1	0	0	0	0	1	1
29204	ASTEN	706	57543850	514149380	9	30	1	0	0	1	1	0	1	1	0	0	0	1	1	0	0	1	0	0	1	0
29246	ASTEN	817	57505526	514161368	7	5	1	0	1	1	1	1	0	1	1	1	1	0	0	1	0	0	0	1	0	0
29250	GASTEL	197	55545341	512845249	11	20	1	1	0	0	0	0	1	1	1	0	1	0	1	0	1	0	1	0	0	0
29266	BUDEL	434	55820280	512849789	7	9	1	0	1	1	0	1	0	0	1	1	1	1	1	1	0	0	0	1	1	0
29342	SOMEREN	1044	56777825	513586629	12	32	1	0	1	0	1	0	1	1	1	1	1	0	1	0	0	0	0	1	1	1
29398	DEURNE	840	57711717	514748873	12	29	1	1	1	0	1	0	1	0	0	1	1	1	1	0	0	1	0	1	1	1
29399	DEURNE	840	57711717	514748873	10	20	1	0	0	0	0	0	1	0	1	1	0	1	1	1	1	0	0	0	0	1
29509	BUDEL	380	55778881	512725257	11	25	1	1	1	0	0	1	0	0	0	1	1	0	0	0	1	1	0	0	0	1
29598	BAKEL	118	57165456	515061407	10	23	1	1	1	0	0	0	0	1	1	0	0	1	1	0	0	0	0	1	0	0
29626	SOMEREN-HEIDE	968	56741912	513762062	7	22	1	1	0	1	1	0	1	1	1	1	0	0	0	1	1	1	1	0	0	1
29647	SOMEREN	1027	57257785	513293978	9	26	1	0	1	0	0	0	0	0	0	0	0	1	1	0	0	1	0	1	1	0
29730	BUDEL	322	55749270	512744895	11	30	1	1	1	0	1	1	1	0	0	1	1	0	1	1	0	1	1	1	1	1
29744	HEUSDEN GEM ASTEN	777	57706586	513780845	7	15	0	0	0	1	0	1	0	0	1	1	0	1	0	1	0	0	0	1	1	1
29839	ASTEN	829	57460877	514151669	10	21	0	1	1	1	0	0	0	0	0	1	1	1	0	1	0	0	0	1	0	1
29885	ASTEN	683	57495065	514030508	13	27	0	1	0	0	0	1	0	1	0	1	0	0	1	1	0	1	0	0	0	0
29892	DEURNE	866	57717831	514645180	7	16	1	1	1	0	1	0	0	0	1	0	1	1	1	0	1	0	0	1	1	0
29893	ASTEN	785	57467250	514072739	5	10	1	0	0	0	0	0	1	1	0	0	0	1	0	1	0	0	0	0	0	1
29895	BUDEL	296	55986554	512619815	10	15	1	0	1	0	1	1	1	1	0	1	1	0	1	1	1	1	1	1	1	0
29911	BEEK EN DONK	138	56356760	515291965	5	8	0	0	1	1	1	1	0	0	0	0	1	0	1	0	0	0	0	1	0	1
29921	BUDEL	534	55919530	512781833	12	28	0	1	0	1	1	1	1	1	1	1	1	1	1	1	0	1	0	0	0	0
29931	BEEK EN DONK	130	56486930	515526056	11	19	0	1	1	0	0	0	0	0	1	1	0	0	1	1	0	1	1	0	1	0
29943	BEEK EN DONK	5	56000237	515507067	6	12	0	0	0	1	0	1	1	0	0	1	1	1	1	0	1	0	0	1	0	0
29973	BEEK EN DONK	143	56426474	515233781	13	14	0	0	0	0	1	1	1	0	0	0	1	1	0	0	0	0	0	1	1	0
29975	HEUSDEN GEM ASTEN	789	57585176	513748475	11	13	1	0	0	0	0	0	0	1	1	1	0	0	1	0	0	1	0	0	1	1
30026	MAARHEEZE	480	56295706	513089704	7	25	1	0	0	0	1	0	0	0	1	0	0	0	0	0	1	0	0	1	0	1
30075	DEURNE	910	57955690	514636042	5	14	0	1	0	0	1	1	0	0	0	1	0	0	1	1	1	0	1	0	1	0
30089	ASTEN	836	57466578	514090872	10	16	1	1	1	1	0	1	0	0	0	0	0	0	0	0	0	1	1	0	0	1
30149	ASTEN	794	57518867	514010303	9	16	0	1	1	1	0	0	1	0	1	1	0	1	1	1	1	0	0	1	1	1
30152	BUDEL	569	55720047	512678660	13	39	1	1	0	0	0	1	1	0	0	1	1	1	1	1	0	0	0	0	0	1
30157	SOMEREN	935	57570021	513329673	8	11	1	1	0	1	1	1	0	1	1	0	0	1	0	1	0	1	1	1	1	1
30160	MARIAHOUT	21	56080575	515521705	12	31	0	0	1	1	1	1	0	1	0	1	0	1	1	0	0	1	1	1	1	1
30164	SOMEREN	1050	57109518	513440815	8	16	0	0	0	1	1	0	1	0	1	0	1	0	1	1	1	1	0	0	0	0
30165	SOMEREN	988	57070533	513678728	5	12	0	1	1	0	1	0	0	0	0	1	1	1	1	0	0	1	1	1	1	0
30186	MARIAHOUT	24	56098559	515528654	6	20	0	1	0	0	0	0	1	1	0	0	0	0	0	1	1	1	1	1	1	1
30190	BEEK EN DONK	131	56080575	515521705	9	13	1	0	0	0	1	0	1	0	0	1	1	0	1	0	0	1	0	1	1	0
30199	BEEK EN DONK	49	56401998	515287502	13	31	0	0	0	0	1	0	0	0	0	0	1	1	0	1	0	0	0	0	0	0
30218	BEEK EN DONK	132	56089520	515487794	8	13	1	1	0	0	0	0	1	0	1	1	0	1	1	1	1	1	0	0	0	1
30229	BUDEL	538	55961487	512717709	9	23	0	1	0	1	0	0	0	1	1	1	0	0	0	0	1	1	1	0	0	0
30238	BUDEL DORPLEIN	555	55683514	512375928	8	26	1	1	0	1	1	0	1	1	1	0	1	0	1	0	1	1	0	0	1	1
30242	ASTEN	703	57576572	514143898	5	8	0	1	1	1	0	0	0	1	0	1	1	1	1	0	0	1	1	0	0	1
30243	BEEK EN DONK	133	56098466	515453884	10	8	1	1	1	0	1	0	0	1	0	1	1	0	0	1	1	0	1	0	1	1
30351	MARIAHOUT	23	56116543	515535603	11	29	0	1	0	0	1	1	1	0	0	0	1	1	1	1	1	1	1	0	0	0
30352	MARIAHOUT	22	56125536	515539078	7	9	0	1	0	0	1	0	1	0	0	0	1	1	0	0	0	1	1	0	0	1
30365	ASTEN	758	57455329	514036348	10	17	1	1	1	0	1	0	0	1	0	0	1	1	1	1	1	1	0	1	0	1
30370	BUDEL	546	55767756	512660788	13	43	0	0	0	1	0	0	0	0	1	0	1	1	0	1	1	1	0	0	0	1
30375	MIERLO	595	56141605	514437787	9	18	0	1	0	0	1	1	0	0	0	1	1	1	1	0	1	0	1	1	0	0
30382	SOMEREN	974	56937127	513813137	6	19	1	0	1	1	1	1	0	1	1	0	0	0	1	1	1	0	0	0	1	0
30383	ASTEN	830	57460877	514151669	12	38	1	0	1	0	0	0	1	1	1	0	0	0	0	1	1	0	0	1	0	0
30411	MIERLO	642	56231549	514466646	8	11	0	1	0	0	1	0	1	1	1	0	0	0	0	1	1	1	0	1	0	1
30440	DEURNE	893	57952586	514535292	9	16	0	1	1	1	0	0	0	1	1	1	1	0	1	1	1	1	0	1	1	0
30528	GASTEL	461	55591543	512882562	6	21	1	0	0	0	0	1	1	0	1	0	0	1	1	0	0	0	0	1	0	0
30657	LIEROP	1063	56820742	514213042	7	16	0	0	0	1	0	1	0	1	1	0	0	1	1	0	0	1	1	1	0	0
30710	BUDEL	295	55986554	512619815	8	7	0	0	1	1	0	1	1	0	0	0	1	1	0	0	1	1	1	1	1	1
30730	MAARHEEZE	475	56295706	513089704	10	20	1	0	0	0	0	0	0	0	0	0	0	0	1	0	1	1	1	1	1	0
30758	BEEK EN DONK	144	56444333	515212320	11	12	1	0	0	0	1	0	1	0	1	0	1	1	1	1	0	0	0	0	1	0
30809	SOERENDONK	269	55824765	513056094	6	20	1	1	1	1	0	1	0	1	1	1	0	1	0	0	0	1	1	0	0	1
30812	SOMEREN	1054	56971524	513575337	11	36	1	0	0	1	0	1	0	0	1	1	0	0	1	1	1	0	0	0	0	1
30814	MIERLO	646	56219321	514462867	6	17	1	1	1	0	1	1	1	1	0	0	1	1	0	0	0	0	0	1	0	0
30815	MIERLO	647	56219321	514462867	10	24	0	0	0	1	0	1	0	0	1	1	0	1	0	0	0	0	1	1	1	1
30824	SOMEREN	1037	57057246	513551570	7	6	0	0	1	1	1	0	0	1	0	0	1	0	1	1	0	0	0	1	0	0
30825	ASTEN	681	57468814	514022324	9	9	1	1	1	0	0	0	0	0	1	0	0	1	1	0	1	1	1	0	0	0
30863	DEURNE	857	57864377	514567173	12	8	1	1	1	0	0	1	0	1	0	0	1	0	1	1	1	1	0	1	1	1
30872	STERKSEL	32	56149921	513503726	9	14	1	1	0	1	0	1	0	0	0	1	1	1	0	1	1	1	1	1	0	0
30875	BUDEL	174	55879782	512565279	11	21	0	1	0	0	0	1	0	0	0	1	1	1	1	0	0	1	1	0	1	0
30934	BEEK EN DONK	59	56252831	515288398	10	30	0	1	1	1	0	0	1	0	1	0	1	1	1	1	0	1	0	0	0	1
30968	BUDEL	329	55988564	512621843	8	27	1	1	1	1	0	1	0	1	1	1	1	1	0	0	0	1	0	0	1	1
30969	BUDEL	545	55767756	512660788	7	23	1	1	1	0	0	0	0	0	0	0	0	0	1	0	0	1	1	0	1	0
31020	MAARHEEZE	292	56343016	513026712	6	15	1	1	1	0	1	0	0	1	0	1	0	0	0	1	0	1	1	1	1	0
31023	BUDEL	336	55996869	512593523	7	11	0	0	1	0	0	0	1	1	0	0	1	0	1	1	0	1	1	1	0	1
31025	VLIERDEN	891	57587059	514403615	12	27	1	0	1	1	0	1	0	1	0	0	0	0	1	0	1	1	0	1	0	1
31027	MARIAHOUT	20	55686932	515298059	12	5	0	1	0	1	0	0	0	0	1	0	0	1	0	0	0	0	1	0	1	1
31047	BEEK EN DONK	147	56444333	515212320	8	21	1	1	1	1	1	0	0	0	0	0	0	1	1	0	1	0	0	1	1	1
31051	BEEK EN DONK	53	56192547	515539852	6	16	0	1	1	1	0	0	1	1	1	0	0	0	1	1	1	1	0	1	0	0
31136	ASTEN	709	57496736	514138520	6	22	0	1	0	0	1	1	0	1	1	0	0	0	1	0	0	0	1	0	0	1
31151	SOMEREN	936	56981097	513513422	11	18	0	1	1	0	1	0	1	1	1	0	0	1	1	1	1	0	1	1	1	1
31152	SOMEREN	1019	57212037	513571520	12	31	1	0	1	1	0	0	0	0	1	1	1	1	0	0	1	0	0	1	1	1
31156	ASTEN	681	57468814	514022324	12	28	1	0	1	1	0	0	1	1	0	1	1	0	1	0	0	0	1	1	1	0
31183	SOMEREN	1049	56905711	513561298	6	21	0	0	0	1	1	1	1	0	0	0	0	0	0	1	0	0	1	1	0	0
31188	MIERLO	632	56192428	514387856	8	15	1	0	0	1	1	0	0	1	1	1	0	0	1	1	1	0	0	1	0	0
31189	BEEK EN DONK	44	56118885	515416139	11	27	1	0	0	1	1	0	1	0	0	1	1	0	1	0	1	0	1	0	0	1
31267	MAARHEEZE	250	56151535	513098100	11	31	1	0	1	0	0	1	0	0	1	0	0	1	0	0	1	1	1	1	1	1
31279	BUDEL	348	55732956	512718142	5	18	1	0	1	1	1	1	0	1	1	0	0	1	0	1	0	1	1	1	0	1
31323	SOMEREN	1003	57349237	513583326	11	28	0	0	1	1	1	1	0	0	1	0	0	1	0	1	0	1	1	1	1	1
31441	SOMEREN	940	57186528	513785497	10	34	0	1	0	0	1	1	1	0	0	1	1	1	0	1	1	0	1	1	0	1
31461	BUDEL	404	56055311	512913404	8	8	0	1	0	1	1	1	0	1	1	1	0	1	0	1	1	0	1	0	0	0
31469	MIERLO	652	55818308	514320921	5	7	1	0	1	1	1	1	1	0	0	0	0	1	1	1	0	0	0	1	1	0
31483	LIEROP	1071	56787256	513982623	9	27	0	1	1	0	1	0	0	1	1	1	1	1	1	0	0	1	0	0	1	0
31485	AARLE RIXTEL	61	56266558	515000507	7	9	1	0	0	0	1	1	1	0	0	0	0	0	1	1	0	0	0	1	1	0
31507	LIEROP	959	56664694	514553342	12	31	0	0	1	0	1	0	1	1	1	1	1	1	1	1	1	1	0	1	0	0
31517	DEURNE	928	57836361	514559922	12	19	0	1	1	1	0	0	1	0	0	1	1	1	1	1	1	1	1	0	0	0
31548	BUDEL-SCHOOT	585	55670574	512552106	11	34	0	1	0	1	0	0	1	0	1	1	1	1	0	1	0	1	1	1	0	1
31588	HEUSDEN GEM ASTEN	697	57679378	513811429	12	31	0	0	1	0	0	0	1	0	0	0	1	0	0	1	1	1	1	1	0	1
31608	MIERLO	661	56261775	514266324	9	27	0	0	1	0	1	0	1	1	0	1	1	0	1	1	0	0	1	0	1	1
31658	MAARHEEZE	261	56109320	513091667	10	24	0	0	0	0	0	0	1	1	0	1	1	1	0	0	1	0	1	1	1	1
31661	MAARHEEZE	261	56109320	513091667	12	40	0	0	0	1	0	0	0	0	1	1	1	1	1	0	0	0	1	0	1	1
31663	MAARHEEZE	261	56109320	513091667	11	24	1	0	0	1	1	0	0	1	0	0	0	1	1	0	0	0	0	1	1	1
31679	BUDEL	396	55785105	512663131	5	19	1	0	0	1	1	0	1	1	1	0	0	0	0	1	0	1	0	1	1	1
31750	DEURNE	851	58043176	514567594	11	24	0	1	1	1	1	0	1	1	0	1	1	0	1	0	0	0	0	0	1	1
31801	HEUSDEN GEM ASTEN	798	57723653	513768440	9	13	1	0	1	0	0	0	0	1	1	0	1	1	1	1	1	1	1	0	0	0
31833	DEURNE	869	57704031	514468024	13	38	1	1	0	0	0	0	0	0	0	0	1	1	0	1	0	0	0	0	0	0
31898	BUDEL	354	55732956	512718142	8	10	1	0	1	0	1	1	0	1	1	0	1	1	1	0	1	0	0	0	1	1
31900	ASTEN	741	57448518	514119630	9	24	0	0	1	0	1	1	1	0	1	1	1	1	0	1	1	1	0	0	0	0
31904	ASTEN	742	57448518	514119630	6	21	0	0	0	1	1	0	0	1	0	0	0	0	0	1	1	0	0	1	1	1
31905	BEEK EN DONK	72	56343453	515290595	8	10	1	1	1	0	0	1	0	0	1	0	0	1	1	0	1	0	0	0	1	1
31913	BUDEL DORPLEIN	441	55879595	512366837	6	18	0	0	1	0	0	0	1	1	1	1	1	0	0	0	1	0	0	1	0	1
31961	ASTEN	752	57451727	514039973	8	12	0	1	1	1	1	0	1	1	1	0	0	1	0	1	1	1	0	1	0	1
32079	HEUSDEN GEM ASTEN	713	57456148	513852999	7	9	1	1	0	1	0	1	0	1	0	0	1	0	1	1	1	0	0	0	0	0
32096	HEUSDEN GEM ASTEN	696	57679378	513811429	7	14	0	1	1	0	1	0	1	0	0	0	1	0	1	1	0	0	1	1	1	1
32102	BUDEL	383	55915764	512707134	10	25	1	0	1	1	0	0	0	1	0	0	0	1	0	1	1	1	0	1	1	1
32109	SOMEREN	1004	57328535	513559314	6	9	1	1	0	1	1	0	0	1	1	1	1	1	0	1	0	0	1	0	0	0
32127	MIERLO	669	56148214	514471962	7	7	1	0	0	1	1	0	1	0	1	1	0	1	1	1	1	1	0	1	0	1
32168	SOMEREN	941	57242980	513743425	9	8	1	1	0	0	1	1	1	1	1	1	1	1	1	0	1	1	0	1	0	0
32245	DEURNE	861	57915494	514683088	12	20	1	0	1	0	0	1	0	0	1	0	1	0	1	1	1	1	0	1	0	1
32261	DEURNE	849	58139685	514563793	9	6	0	0	0	1	0	1	1	0	0	1	1	1	1	1	0	0	0	1	0	0
32285	BUDEL-SCHOOT	581	55669129	512548166	9	18	1	1	1	1	0	1	1	1	1	0	1	1	1	0	1	1	0	1	1	0
32300	MIERLO	622	56260424	514500538	6	15	0	0	0	0	1	0	0	1	1	0	1	0	0	1	1	1	0	0	1	1
32370	DEURNE	862	58115323	514586764	9	31	0	1	0	0	0	1	0	1	0	0	1	1	1	0	0	0	1	1	0	1
32386	DEURNE	842	58658644	514501963	12	8	0	1	0	0	0	0	1	0	1	0	1	1	0	0	0	1	1	0	0	1
32538	STERKSEL	34	56289036	513435817	6	22	1	1	1	0	0	1	0	1	0	1	0	0	0	1	1	1	0	0	1	0
32559	BUDEL-SCHOOT	539	55587005	512587766	9	26	1	0	0	0	1	1	0	1	0	1	1	0	1	0	0	1	0	0	1	1
32560	STERKSEL	30	56125304	513503514	12	35	0	0	1	1	0	1	0	1	1	0	0	1	0	0	0	1	0	0	1	0
32562	MIERLO	591	56020636	514436458	8	26	1	0	1	1	0	1	0	0	1	1	0	1	1	0	1	1	1	0	0	1
32568	SOERENDONK	375	55795695	513037677	6	6	0	1	0	1	1	0	0	1	0	0	0	1	1	1	1	0	0	0	0	0
32601	BUDEL	408	55805777	512645048	11	36	1	1	0	0	1	1	1	1	1	1	1	1	0	0	0	0	0	0	0	1
32606	BUDEL	316	55882606	512658814	7	17	1	1	1	0	1	1	1	1	1	1	0	0	1	0	1	1	0	0	1	1
32681	HELENAVEEN	899	59217110	513938866	11	38	1	0	0	1	1	1	0	1	1	0	1	1	1	1	1	1	1	0	1	1
32694	SOMEREN-EIND	1082	57377881	513618806	7	18	0	0	0	0	1	1	1	1	1	1	1	1	0	1	1	0	1	1	1	0
32702	BUDEL	347	55732956	512718142	7	18	0	0	0	1	1	1	0	1	1	1	0	0	1	1	0	1	0	0	0	1
32711	LIESSEL	885	58044995	514075058	12	26	1	1	0	1	0	0	1	1	0	0	0	1	1	1	0	0	1	0	0	0
32735	MIERLO	613	56175150	514392065	13	10	1	0	0	1	0	1	1	0	1	1	0	1	0	0	0	1	1	1	1	1
32746	BEEK EN DONK	98	56347986	515441056	13	25	0	0	1	1	0	1	0	1	1	0	1	1	0	1	1	1	1	0	1	1
32774	MAARHEEZE	474	56295706	513089704	12	27	0	1	0	0	0	0	1	1	0	1	0	0	1	0	1	1	1	0	1	0
32776	BAKEL	119	57408083	515018470	10	19	1	1	0	1	0	0	0	0	0	1	0	0	0	1	1	0	0	0	1	0
32778	BUDEL	332	55994627	512627298	13	34	1	0	0	1	1	1	0	1	1	1	1	0	0	0	1	0	1	1	1	0
32809	MAARHEEZE	253	56129835	513099493	10	26	0	0	0	1	1	1	1	0	0	0	0	0	1	1	1	0	0	1	1	0
32813	MAARHEEZE	238	56369116	513109555	12	16	0	1	1	1	0	0	0	1	0	0	1	0	1	0	1	1	0	1	0	0
32823	MAARHEEZE	256	56109320	513091667	6	19	0	0	0	0	1	1	0	1	1	1	1	0	0	1	0	0	1	0	1	0
32864	ASTEN	836	57466578	514090872	6	17	1	1	0	1	0	0	0	1	1	0	1	1	1	1	0	1	0	1	1	1
32876	MIERLO	662	56261214	514486138	7	6	0	1	1	1	0	1	1	0	0	0	0	1	0	0	1	0	1	0	1	1
32889	BUDEL	378	56195699	512958130	11	8	0	0	1	1	0	0	1	0	1	0	1	1	0	0	1	0	1	1	0	0
32895	SOMEREN	989	57070533	513678728	10	22	0	0	1	1	0	1	1	1	0	0	1	0	0	1	0	1	0	0	0	1
32946	MIERLO	654	55891384	514343973	7	15	1	1	0	0	1	0	0	0	0	1	0	1	1	0	1	0	1	0	1	1
32949	BEEK EN DONK	45	56130359	515412305	11	36	1	0	1	1	1	1	1	1	1	0	1	1	1	0	1	1	0	1	0	0
32950	AARLE RIXTEL	81	56489943	515168143	11	5	1	0	1	0	1	0	0	1	0	1	0	0	0	1	1	1	1	1	1	1
32952	BEEK EN DONK	141	56288712	515418378	10	24	0	0	0	0	1	1	0	1	0	1	1	1	1	1	1	0	1	0	0	1
32973	ASTEN	768	57448400	514090850	9	20	1	1	1	1	1	0	0	1	0	1	1	1	1	0	0	1	1	1	1	0
32985	AARLE RIXTEL	114	56691043	515118330	6	15	1	0	0	1	0	1	1	0	0	0	0	0	1	1	1	1	1	0	1	0
33002	HEUSDEN GEM ASTEN	712	57458402	513941329	10	22	1	0	1	1	1	1	0	0	1	1	0	0	1	0	1	0	1	1	1	0
33003	BEEK EN DONK	46	56141832	515408470	8	25	1	1	1	0	0	0	1	1	0	0	0	1	0	1	1	0	1	0	1	0
33024	SOERENDONK	210	55739681	512963242	8	12	1	0	1	0	0	1	1	1	0	1	1	1	1	1	1	1	0	1	0	0
33070	LIESSEL	901	58055500	514093839	6	12	0	0	1	1	1	0	1	1	1	0	1	0	0	0	1	1	0	1	0	0
33071	DEURNE	865	57723478	514645096	12	33	0	1	1	0	0	1	0	0	0	0	1	1	1	1	0	1	0	1	1	1
33104	SOMEREN	1034	56938079	513360937	8	15	1	1	1	0	1	0	1	0	0	0	0	1	1	1	1	1	0	0	0	1
33162	ASTEN	724	57451727	514039973	6	21	0	0	0	1	0	0	0	1	0	1	0	0	1	0	1	1	0	1	0	0
33203	STERKSEL	36	56318164	513380138	8	28	0	1	1	0	0	1	0	0	0	1	0	1	1	0	0	1	0	0	0	0
33206	MIERLO	663	56262292	514484820	12	17	0	0	0	1	1	0	0	0	0	0	1	0	0	0	0	0	0	0	0	1
33211	BUDEL	171	55719679	512659585	6	16	0	1	1	1	0	0	1	1	0	1	0	0	1	1	1	1	0	0	1	0
33226	AARLE RIXTEL	0	56797126	515046826	6	10	0	0	1	1	0	0	1	1	1	1	0	1	1	0	1	1	1	0	0	1
33236	MAARHEEZE	285	56343016	513026712	12	33	0	1	1	1	1	0	0	1	1	1	1	1	0	1	1	1	1	0	0	0
33306	AARLE RIXTEL	1	56828652	515043974	7	20	1	1	1	1	0	0	0	0	0	1	0	1	0	1	1	1	0	0	0	0
33318	MARIAHOUT	6	55706238	515409371	5	9	0	0	0	0	1	0	0	1	0	0	0	1	0	0	0	0	1	1	1	0
33346	MAARHEEZE	286	56343016	513026712	9	31	1	0	1	1	0	0	0	0	0	1	0	0	1	0	1	1	0	1	0	0
33425	BUDEL	337	55994910	512595485	7	19	0	0	1	0	0	0	1	0	0	0	0	0	0	1	1	1	0	0	1	0
33513	DEURNE	846	58100223	514855240	5	17	0	0	1	0	0	1	1	1	0	0	1	1	0	0	1	0	1	1	1	1
33532	MAARHEEZE	283	56132713	513114693	7	16	1	1	1	0	0	1	0	1	0	1	0	1	0	0	0	1	1	0	0	1
33666	MAARHEEZE	505	56371939	513033628	13	32	0	0	0	0	1	1	0	0	1	0	0	1	1	0	0	0	0	1	1	0
33686	MAARHEEZE	476	56295706	513089704	9	10	0	1	1	0	1	1	1	0	1	1	0	0	1	0	1	1	0	0	1	0
33740	BEEK EN DONK	148	56444333	515212320	13	19	1	1	0	0	0	0	1	1	0	1	1	1	0	0	0	0	0	0	0	1
33781	LIEROP	1075	56912229	514334743	9	19	1	1	1	1	1	1	0	1	0	0	0	0	0	1	1	0	1	0	1	1
33827	ASTEN	718	57271082	513963966	9	21	1	1	0	1	0	1	0	1	0	0	1	1	0	1	1	1	1	0	1	0
33839	LIESHOUT	26	55980011	515324939	7	17	1	0	1	0	0	1	1	1	1	0	1	0	1	0	0	0	1	0	1	0
33840	LIEROP	962	56865876	514293245	10	14	0	1	0	0	1	1	1	0	1	1	1	0	1	0	0	1	1	1	0	1
33849	SOERENDONK	181	55904761	513079949	10	5	1	1	1	0	1	0	1	0	1	1	1	1	1	0	0	0	1	0	0	1
33904	SOMEREN-EIND	1069	57535462	513442214	9	6	1	0	0	1	0	1	0	0	0	0	1	0	1	0	0	1	1	0	0	1
33926	ASTEN	756	57465827	514052611	8	19	1	1	0	1	1	0	0	1	1	1	0	1	0	1	0	1	1	0	0	1
33947	MIERLO	602	56187409	514433911	11	22	0	1	0	1	0	0	0	0	0	0	1	0	1	1	1	0	1	1	0	0
33951	DEURNE	903	58011372	514500728	11	20	0	0	1	1	0	0	1	1	1	0	1	0	1	1	1	1	1	0	0	0
33953	BEEK EN DONK	100	56334409	515445511	7	11	0	0	1	1	0	0	0	1	1	0	0	0	0	1	1	0	1	1	1	0
33954	ASTEN	704	57576572	514143898	6	5	0	1	0	0	0	0	1	1	1	0	1	0	0	1	1	0	1	1	0	0
33976	MIERLO	648	56237664	514468536	11	5	1	1	1	0	0	1	0	0	1	1	0	1	1	1	1	0	0	1	0	1
33985	ASTEN	759	57429462	514072864	12	40	0	1	0	1	1	1	0	1	1	0	1	0	1	0	1	0	0	1	1	1
33991	DE RIPS	154	58151735	515518485	8	20	0	1	1	0	1	0	1	0	1	0	1	1	0	1	0	1	0	1	0	0
33996	SOMEREN	991	57352532	513642479	6	6	1	1	0	0	1	0	0	0	1	1	1	1	1	0	0	0	1	0	0	1
34050	ASTEN	746	57425197	514099993	7	21	0	1	0	1	0	1	1	0	0	1	0	1	1	1	0	1	1	0	0	1
34111	GRIENDTSVEEN	587	58810117	514416739	5	14	1	1	0	1	1	1	0	1	0	0	0	0	1	1	0	0	1	0	0	0
34121	BUDEL	541	55610528	512671069	9	8	0	0	0	0	0	0	1	1	1	1	0	0	0	1	1	0	1	1	0	1
34197	BEEK EN DONK	134	56107412	515419974	10	23	1	1	1	1	0	1	0	1	0	1	1	1	0	0	1	0	1	1	1	1
34199	MIERLO	639	56219321	514462867	5	18	1	1	0	1	1	0	0	0	0	1	1	1	0	0	1	1	0	1	0	0
34219	BUDEL	463	55706327	512635174	8	17	0	1	1	0	1	1	1	0	1	0	0	0	0	1	1	1	1	0	1	0
34288	MAARHEEZE	509	56540074	513169402	11	18	0	1	0	0	1	1	1	1	1	0	0	1	0	0	0	0	1	0	1	0
34306	SOMEREN-EIND	1097	57383867	513535751	11	24	1	0	1	1	0	0	1	1	1	1	1	1	1	1	1	0	1	1	1	1
34331	AARLE RIXTEL	164	56382893	515098674	5	16	0	1	0	1	0	0	1	0	0	1	0	1	1	1	0	0	0	1	0	1
34343	DEURNE	894	57952586	514535292	13	8	0	0	0	1	1	1	0	1	0	1	0	0	0	0	0	1	0	0	0	0
34366	ASTEN	719	57469361	514048677	13	20	1	1	1	0	0	1	1	1	0	1	1	1	1	0	1	0	0	1	1	0
34374	LIEROP	958	56531278	514371488	5	6	0	1	0	0	1	0	1	1	1	1	0	0	1	0	1	0	0	1	1	0
34389	BEEK EN DONK	86	56319581	515391862	11	16	1	0	1	0	1	1	1	0	0	0	1	0	0	0	1	0	1	0	0	0
34424	SOMEREN	946	57320803	513631968	8	18	0	0	0	0	0	1	0	0	0	0	1	1	1	0	0	1	1	1	0	0
34458	MAARHEEZE	231	56071576	513090749	12	13	0	1	1	1	1	0	0	0	1	1	1	0	0	1	0	1	0	0	0	1
34486	SOMEREN	977	57267158	513674299	10	5	0	1	0	1	1	0	0	1	0	0	1	1	0	0	1	0	1	0	1	1
34504	ASTEN	837	57733174	514020299	12	25	1	0	1	1	0	0	1	1	1	0	0	0	0	0	1	1	1	1	1	1
34544	HEUSDEN GEM ASTEN	733	57770757	513351569	7	10	0	0	0	1	0	1	0	1	0	1	1	0	1	0	0	1	1	1	0	0
34582	MAARHEEZE	240	56409620	513143417	6	16	1	0	0	1	1	1	0	1	0	0	1	0	0	0	0	0	1	0	1	0
34593	MIERLO	664	56148214	514471962	5	11	0	1	1	0	0	1	1	1	0	0	0	0	1	0	1	1	1	1	1	1
34611	DEURNE	915	57781957	514658502	8	10	0	0	1	0	1	0	1	1	1	1	1	0	1	1	0	0	1	0	1	0
34612	SOMEREN	1036	57225887	513602379	12	12	1	0	1	0	0	0	0	0	0	0	0	0	1	0	1	1	1	1	0	0
34646	MIERLO	616	56251486	514410034	7	6	1	1	0	1	1	0	0	1	0	0	0	1	0	0	0	1	0	1	1	1
34650	MIERLO	616	56251486	514410034	10	34	0	0	0	1	0	0	1	1	1	0	1	1	0	0	1	0	1	0	1	1
34669	SOMEREN-HEIDE	1039	57071407	513563179	5	11	0	1	0	0	0	1	0	1	0	1	0	1	0	0	1	0	1	1	1	0
34672	MAARHEEZE	291	56371939	513033628	12	14	0	0	0	0	0	1	1	0	0	1	1	0	1	1	1	1	1	0	0	1
34679	BUDEL	307	55740017	512723100	8	27	0	0	1	1	0	1	0	0	1	0	1	0	1	1	1	1	1	0	0	1
34684	HELENAVEEN	932	58912399	513792286	8	10	0	0	0	0	1	0	1	1	0	1	0	0	1	1	1	1	1	0	1	1
34739	BUDEL	355	55732956	512718142	8	26	0	1	1	1	1	0	0	0	1	0	1	0	0	1	0	0	0	1	1	0
34762	MAARHEEZE	513	56362451	513199244	6	9	0	1	0	0	1	0	1	0	0	1	0	1	0	1	0	0	0	1	1	0
34814	SOMEREN	1046	56777825	513586629	12	20	1	0	0	0	1	0	0	1	1	1	0	1	1	1	1	1	0	1	1	1
34825	BEEK EN DONK	47	56153306	515404636	9	32	0	0	1	1	0	0	0	0	1	0	0	1	1	1	0	0	0	0	1	0
34841	BUDEL-SCHOOT	402	55567747	512440305	8	26	1	1	1	0	0	1	0	1	1	0	1	0	1	1	0	1	0	1	0	1
34878	SOERENDONK	210	55739681	512963242	6	21	1	1	0	0	0	1	0	0	1	0	1	1	0	0	1	0	1	0	0	1
34909	SOMEREN	1072	56726521	513195250	5	11	1	0	0	1	1	0	1	0	1	0	1	0	0	1	1	0	1	1	1	1
34910	BUDEL	425	55756295	512738298	8	17	0	0	0	0	0	1	1	1	1	0	1	0	1	0	1	0	1	0	0	0